[{"id": 0, "img_name": "000000.png", "width": 1920, "height": 1280, "position": [-0.012015645479212644, 0.025740499266814397, 0.00022039858026198743], "rotation": [[0.5378812247432845, 0.049733277493, 0.8415523183277845], [0.029024103423542676, 0.9965740321719903, -0.0774454594732361], [-0.8425208037749122, 0.06608175907438767, 0.5345949971952804]], "fy": 353.1316833496093, "fx": 353.1316833496095}, {"id": 1, "img_name": "000008.png", "width": 1920, "height": 1280, "position": [-0.005007507034301871, 0.02539261193497968, 0.005438918491609813], "rotation": [[0.5518000280467229, 0.057655590721594006, 0.8319811101050729], [0.030387543319475366, 0.9955549823481766, -0.08914524322091562], [-0.8334226610334832, 0.07447220982657381, 0.5475952554195979]], "fy": 353.1316833496093, "fx": 353.1316833496095}, {"id": 2, "img_name": "000016.png", "width": 1920, "height": 1280, "position": [-0.0017710031641818367, 0.02375830371591561, 0.008908982251342809], "rotation": [[0.6245552764122716, 0.046253519748945315, 0.7796096484361501], [0.028828233584978904, 0.9961989685834811, -0.08219821640724212], [-0.7804482846238264, 0.07381209753824801, 0.6208479149281318]], "fy": 353.1316833496093, "fx": 353.1316833496095}, {"id": 3, "img_name": "000024.png", "width": 1920, "height": 1280, "position": [0.011481924996079182, 0.02315568210352095, 0.023614489720923653], "rotation": [[0.773507261978705, 0.03925321845537395, 0.6325706961447105], [0.01968864352765827, 0.9961102923290204, -0.0858873831047704], [-0.6334815372969836, 0.07888897325633974, 0.7697257022263008]], "fy": 353.1316833496093, "fx": 353.1316833496095}, {"id": 4, "img_name": "000032.png", "width": 1920, "height": 1280, "position": [0.01219351188225212, 0.02016040523346502, 0.023583019812169717], "rotation": [[0.9225666088665679, 0.03035277385338372, 0.3846421245554682], [0.00210276698569395, 0.9964906028038572, -0.08367829476695665], [-0.3858321308991034, 0.07800761349706292, 0.9192651313818039]], "fy": 353.1316833496093, "fx": 353.1316833496095}, {"id": 5, "img_name": "000040.png", "width": 1920, "height": 1280, "position": [0.014682971367417268, 0.018025269849843553, 0.0361880116192666], "rotation": [[0.9936773916769529, 0.046340511417761805, 0.10226337892958284], [-0.038832275002666075, 0.996484907376997, -0.07422859293766651], [-0.10534370454219118, 0.06978815510477952, 0.9919840310335579]], "fy": 353.1316833496093, "fx": 353.1316833496095}, {"id": 6, "img_name": "000048.png", "width": 1920, "height": 1280, "position": [0.004486217488000657, 0.003951214983827327, 0.06814428618955878], "rotation": [[0.9865152272230958, 0.06507094649781311, -0.15017815912152785], [-0.06388564457655958, 0.9978762995994741, 0.01270886649808661], [0.15068620365610683, -0.0029432622219955147, 0.9885772636296798]], "fy": 353.1316833496093, "fx": 353.1316833496095}, {"id": 7, "img_name": "000001.png", "width": 1920, "height": 1280, "position": [-0.011764042465997283, 0.02562546545757543, 0.0001748046942740684], "rotation": [[0.5387061468527902, 0.05056286382383243, 0.8409750768385683], [0.02846658199802821, 0.9965350581731369, -0.0781506974316502], [-0.8420126701962704, 0.06603994701418514, 0.5354002094838134]], "fy": 353.1316833496093, "fx": 353.1316833496095}, {"id": 8, "img_name": "000002.png", "width": 1920, "height": 1280, "position": [-0.008390908912566511, 0.025778423251706036, 0.00264153986166011], "rotation": [[0.5383501931714424, 0.0538391472309665, 0.8409996113320269], [0.02915410397197834, 0.9961698952500572, -0.08243529245814887], [-0.8422167406652333, 0.06889764470946573, 0.534718623458249]], "fy": 353.1316833496093, "fx": 353.1316833496095}, {"id": 9, "img_name": "000003.png", "width": 1920, "height": 1280, "position": [-0.012033874277310152, 0.02552432572224066, 0.0007913401744094413], "rotation": [[0.5344246087590583, 0.05260479850356221, 0.8435775539185553], [0.028291782013786113, 0.9963886706758617, -0.0800574303183886], [-0.8447425225305626, 0.06665097338448148, 0.5310063420022911]], "fy": 353.1316833496093, "fx": 353.1316833496095}, {"id": 10, "img_name": "000004.png", "width": 1920, "height": 1280, "position": [-0.0074023255175482165, 0.02580424234776063, 0.003223067084229627], "rotation": [[0.5403096824637723, 0.05642297330374822, 0.839572372988055], [0.03033954152222223, 0.9957943800007372, -0.08644688444218768], [-0.8409190410624856, 0.07218032760457735, 0.5363254981463105]], "fy": 353.1316833496093, "fx": 353.1316833496095}, {"id": 11, "img_name": "000005.png", "width": 1920, "height": 1280, "position": [-0.006474405487448012, 0.025725736041920147, 0.003942193421679421], "rotation": [[0.5415785231976846, 0.05703751191803787, 0.838712866957357], [0.03121242485256829, 0.9956433269870731, -0.08786437568235107], [-0.840070434844872, 0.07376371881505323, 0.5374387636427886]], "fy": 353.1316833496093, "fx": 353.1316833496095}, {"id": 12, "img_name": "000006.png", "width": 1920, "height": 1280, "position": [-0.006020871829150338, 0.025574378518615007, 0.004218780432855025], "rotation": [[0.5444660370891399, 0.05729679115866439, 0.8368235866345402], [0.03112534348625207, 0.9955969434484615, -0.08841910569026494], [-0.8382051362392374, 0.07418762013384587, 0.5402853400556528]], "fy": 353.1316833496093, "fx": 353.1316833496095}, {"id": 13, "img_name": "000007.png", "width": 1920, "height": 1280, "position": [-0.00475451269873138, 0.02551768709750466, 0.005112352950294491], "rotation": [[0.548539253264158, 0.05661057034684698, 0.8342062223638148], [0.03292741237930766, 0.9954687888662227, -0.08920581155573415], [-0.8354762495843343, 0.07640114283385313, 0.5441896664794155]], "fy": 353.1316833496093, "fx": 353.1316833496095}, {"id": 14, "img_name": "000009.png", "width": 1920, "height": 1280, "position": [-0.008604560600691607, 0.02461704934896384, 0.0032618746670770513], "rotation": [[0.5564997118403845, 0.053402175869313485, 0.8291297727099771], [0.026936878213479874, 0.9962480045411314, -0.08224546922459845], [-0.8304109687219859, 0.06810374606646195, 0.5529732395659743]], "fy": 353.1316833496093, "fx": 353.1316833496095}, {"id": 15, "img_name": "000010.png", "width": 1920, "height": 1280, "position": [-0.003850631714987443, 0.0251361449523027, 0.00628319060375466], "rotation": [[0.5652437797820294, 0.05774327596724098, 0.822900473599651], [0.027077026355927156, 0.9957108857394054, -0.0884684504356874], [-0.8244794175803778, 0.07228793923845321, 0.5612558684181495]], "fy": 353.1316833496093, "fx": 353.1316833496095}, {"id": 16, "img_name": "000011.png", "width": 1920, "height": 1280, "position": [-0.002655504350891988, 0.02480006787681075, 0.007254565970649149], "rotation": [[0.5715713522978324, 0.05653020121006624, 0.8186027607979771], [0.027876157610756964, 0.9957104674078835, -0.08822462510377342], [-0.8200786934628778, 0.0732461670600623, 0.5675437335686687]], "fy": 353.1316833496093, "fx": 353.1316833496095}, {"id": 17, "img_name": "000012.png", "width": 1920, "height": 1280, "position": [-0.005273821111740945, 0.0243835526218883, 0.005997459026570503], "rotation": [[0.576583621598471, 0.05208495370876112, 0.8153763265200034], [0.026922369560187898, 0.9962128983084861, -0.0826743483660416], [-0.8165945029629844, 0.06962053905020521, 0.5729977904011565]], "fy": 353.1316833496093, "fx": 353.1316833496095}, {"id": 18, "img_name": "000013.png", "width": 1920, "height": 1280, "position": [-0.0009711102828295632, 0.024823545956783478, 0.00886504148914146], "rotation": [[0.5882052235203955, 0.05436583053709064, 0.806882225876775], [0.028748558767705587, 0.9957015339971164, -0.08804530137515884], [-0.8082005260667839, 0.07498540655004221, 0.5841139041015566]], "fy": 353.1316833496093, "fx": 353.1316833496095}, {"id": 19, "img_name": "000014.png", "width": 1920, "height": 1280, "position": [-0.0008979556947056685, 0.024598657181657074, 0.008949232004754665], "rotation": [[0.6005241454644477, 0.05387863567234841, 0.7977893125619122], [0.02796103175518025, 0.9957021236341583, -0.08829190840675234], [-0.7991175603896512, 0.07532843423971382, 0.5964366647043503]], "fy": 353.1316833496093, "fx": 353.1316833496095}, {"id": 20, "img_name": "000015.png", "width": 1920, "height": 1280, "position": [0.0011875826677721457, 0.024387978810360336, 0.011073325919683326], "rotation": [[0.611142377479962, 0.052406017831830395, 0.7897839427531261], [0.030062866825325555, 0.9955489543321633, -0.08932247419381767], [-0.790949613422945, 0.07833191975735282, 0.6068466796988451]], "fy": 353.1316833496093, "fx": 353.1316833496095}, {"id": 21, "img_name": "000017.png", "width": 1920, "height": 1280, "position": [0.0009417840729623371, 0.023641122785739915, 0.01093871470221963], "rotation": [[0.6402040312255713, 0.04738747115761838, 0.766741925089083], [0.02652182053458166, 0.9961371724270238, -0.0837097739074888], [-0.7677469278007945, 0.07392672581277583, 0.6364742314443501]], "fy": 353.1316833496093, "fx": 353.1316833496095}, {"id": 22, "img_name": "000018.png", "width": 1920, "height": 1280, "position": [0.002710035663640801, 0.023954316167269892, 0.0128488201815459], "rotation": [[0.6573433131983465, 0.045615888825231286, 0.752209431609254], [0.026879296811488155, 0.9961119127913791, -0.08389613453041524], [-0.7531117723938144, 0.07536742448106974, 0.6535613820447742]], "fy": 353.1316833496093, "fx": 353.1316833496095}, {"id": 23, "img_name": "000019.png", "width": 1920, "height": 1280, "position": [0.004783764476733499, 0.02359489525767134, 0.015693580460685117], "rotation": [[0.670035515738379, 0.04550040246500582, 0.7409333313085116], [0.025599029213410503, 0.9961098284030129, -0.08432022539324127], [-0.741887577582842, 0.07546472078102819, 0.6662641964596739]], "fy": 353.1316833496093, "fx": 353.1316833496095}, {"id": 24, "img_name": "000020.png", "width": 1920, "height": 1280, "position": [0.0059139091253451685, 0.02339771402174486, 0.017023651936437824], "rotation": [[0.6884465994013319, 0.042085054187095974, 0.7240650225647813], [0.025964974656263736, 0.996245078369643, -0.08259276157057299], [-0.7248221359607939, 0.07566103612047045, 0.6847687990049399]], "fy": 353.1316833496093, "fx": 353.1316833496095}, {"id": 25, "img_name": "000021.png", "width": 1920, "height": 1280, "position": [0.007730999038624684, 0.02264966044662399, 0.01856780301925885], "rotation": [[0.7089392896259231, 0.03335315526981025, 0.7044804134679673], [0.031707046312377016, 0.9963639045545198, -0.07907991492010585], [-0.7045564201258796, 0.07839985180581865, 0.7053039886649856]], "fy": 353.1316833496093, "fx": 353.1316833496095}, {"id": 26, "img_name": "000022.png", "width": 1920, "height": 1280, "position": [0.009557334984487572, 0.023489625748475976, 0.020498193559402918], "rotation": [[0.731642807129534, 0.03359075422868262, 0.6808600137302739], [0.030800443180280176, 0.9961362569097452, -0.0822428650264849], [-0.6809919454489449, 0.08114319058438929, 0.7277813171723934]], "fy": 353.1316833496093, "fx": 353.1316833496095}, {"id": 27, "img_name": "000023.png", "width": 1920, "height": 1280, "position": [0.009727903058082807, 0.02287089307945486, 0.021596250263874257], "rotation": [[0.7508605423526664, 0.03471490044709107, 0.65954781969996], [0.0248345889423799, 0.9964274429011578, -0.08071923125881875], [-0.6599937075276442, 0.07698848478766286, 0.7473159199087931]], "fy": 353.1316833496093, "fx": 353.1316833496095}, {"id": 28, "img_name": "000025.png", "width": 1920, "height": 1280, "position": [0.010265077074315542, 0.022611612122928594, 0.02296061987207183], "rotation": [[0.7941904435953936, 0.03481970158269074, 0.6066705243116324], [0.020781821934071174, 0.9962166540781852, -0.08438301941917518], [-0.6073134714164994, 0.07962390640309418, 0.7904621295817335]], "fy": 353.1316833496093, "fx": 353.1316833496095}, {"id": 29, "img_name": "000026.png", "width": 1920, "height": 1280, "position": [0.011544861811090098, 0.021651640810915543, 0.02505676238824226], "rotation": [[0.8144992304684492, 0.031408229988251095, 0.5793137690707357], [0.02068963748328066, 0.9963259061713454, -0.08310611250950989], [-0.5797955319306514, 0.07967565578417293, 0.8108568589870425]], "fy": 353.1316833496093, "fx": 353.1316833496095}, {"id": 30, "img_name": "000027.png", "width": 1920, "height": 1280, "position": [0.014975291979872423, 0.021977651193963582, 0.030208329057791194], "rotation": [[0.8347933119814201, 0.033177870546733046, 0.5495628548243177], [0.01921824490233994, 0.9958182966391942, -0.08931169318577908], [-0.5502279178300057, 0.08511843738474804, 0.8306648335454535]], "fy": 353.1316833496093, "fx": 353.1316833496095}, {"id": 31, "img_name": "000028.png", "width": 1920, "height": 1280, "position": [0.0146566389498589, 0.021475288831916083, 0.03250455508357446], "rotation": [[0.8489050845243816, 0.03487330516981628, 0.5273935976900107], [0.014357911912215497, 0.9959312037301538, -0.0889656547030544], [-0.5283502670231188, 0.08309566738257121, 0.8449503548404961]], "fy": 353.1316833496093, "fx": 353.1316833496095}, {"id": 32, "img_name": "000029.png", "width": 1920, "height": 1280, "position": [0.015254724056448055, 0.02135009961796163, 0.0348686053966432], "rotation": [[0.8666417810070702, 0.03767044774345205, 0.49750675646814413], [0.009961118092870407, 0.9956405001314262, -0.0927403418965442], [-0.4988314459724701, 0.08532837895774108, 0.8624884164888484]], "fy": 353.1316833496093, "fx": 353.1316833496095}, {"id": 33, "img_name": "000030.png", "width": 1920, "height": 1280, "position": [0.015150511223474397, 0.021348063943597832, 0.03529119772607397], "rotation": [[0.8837764296513505, 0.04158902204019012, 0.4660575153872516], [0.003027046620545064, 0.9955130838835858, -0.09457556788697302], [-0.46789965953391627, 0.08499443686575596, 0.8796851069827449]], "fy": 353.1316833496093, "fx": 353.1316833496095}, {"id": 34, "img_name": "000031.png", "width": 1920, "height": 1280, "position": [0.01611236490759917, 0.021286519138147882, 0.036059243289949826], "rotation": [[0.9036232180781734, 0.03803794084558157, 0.4266358534247797], [0.0025380641559231937, 0.9955559885226455, -0.0941372930713839], [-0.4283206679598855, 0.08614747107544854, 0.8995109634662657]], "fy": 353.1316833496093, "fx": 353.1316833496095}, {"id": 35, "img_name": "000033.png", "width": 1920, "height": 1280, "position": [0.005217599946316286, 0.021532274866750245, 0.01781354463131838], "rotation": [[0.9256834966444915, 0.04356249644080568, 0.37578233875935546], [-0.00972579882165198, 0.9957598568566141, -0.09147522025682987], [-0.37817385691886074, 0.08102231783650464, 0.9221821462237025]], "fy": 353.1316833496093, "fx": 353.1316833496095}, {"id": 36, "img_name": "000034.png", "width": 1920, "height": 1280, "position": [0.011072884285631569, 0.02204749814609629, 0.03223108538148334], "rotation": [[0.9383732628422615, 0.05048023968951454, 0.34191720888153204], [-0.01662113637047887, 0.9947227853278243, -0.10124386039087065], [-0.3452236523678556, 0.08932148029439124, 0.9342603045191107]], "fy": 353.1316833496093, "fx": 353.1316833496095}, {"id": 37, "img_name": "000035.png", "width": 1920, "height": 1280, "position": [0.006960196328016743, 0.019191140709327512, 0.014811286839867844], "rotation": [[0.9526809968739635, 0.03954465050606473, 0.30138867701412064], [-0.016398533548009964, 0.9967440361521775, -0.07894564082310856], [-0.30352924424747535, 0.07026767908398332, 0.950227576303043]], "fy": 353.1316833496093, "fx": 353.1316833496095}, {"id": 38, "img_name": "000036.png", "width": 1920, "height": 1280, "position": [0.012551183757139121, 0.020731069411956866, 0.02653311217811119], "rotation": [[0.9662025619025311, 0.04228528995818911, 0.25429228878138], [-0.019590358315284283, 0.9956465475704657, -0.09112722289583414], [-0.25703858025907245, 0.08306567970455749, 0.962824628928689]], "fy": 353.1316833496093, "fx": 353.1316833496095}, {"id": 39, "img_name": "000037.png", "width": 1920, "height": 1280, "position": [0.016403875909266008, 0.019791614639049666, 0.041527120075242424], "rotation": [[0.9752804493683176, 0.04868891066322386, 0.21553989215891745], [-0.029570916781068296, 0.9954069955724018, -0.09105205057680298], [-0.21898314093595492, 0.08242757434221973, 0.9722407573557333]], "fy": 353.1316833496093, "fx": 353.1316833496095}, {"id": 40, "img_name": "000038.png", "width": 1920, "height": 1280, "position": [0.013188474140811576, 0.016887543133491847, 0.02777088356877391], "rotation": [[0.9823191526900469, 0.042507883443722624, 0.182324317809351], [-0.03034122051010708, 0.9971544807997526, -0.06900978855069531], [-0.18473897086826965, 0.062257693685114225, 0.980813685943808]], "fy": 353.1316833496093, "fx": 353.1316833496095}, {"id": 41, "img_name": "000039.png", "width": 1920, "height": 1280, "position": [0.013897972935177695, 0.016351714265334504, 0.03402060608590196], "rotation": [[0.9888291808501336, 0.043956044192573464, 0.14242442695129054], [-0.03497608917084127, 0.9972751779774388, -0.06495300304250158], [-0.14489142279574843, 0.05924597536429278, 0.9876722078348642]], "fy": 353.1316833496093, "fx": 353.1316833496095}, {"id": 42, "img_name": "000041.png", "width": 1920, "height": 1280, "position": [0.01587747616370682, 0.017106570593925625, 0.04257280470314022], "rotation": [[0.9970886469719222, 0.04310502028505455, 0.06289823310843029], [-0.038874509468797926, 0.9969953803444027, -0.06699988448678541], [-0.065597279025107, 0.06435968640311483, 0.9957684612219344]], "fy": 353.1316833496093, "fx": 353.1316833496095}, {"id": 43, "img_name": "000042.png", "width": 1920, "height": 1280, "position": [0.014137120859814124, 0.011662412044350322, 0.0379575128674515], "rotation": [[0.9989043821548713, 0.03207767704939858, 0.0340743028799567], [-0.030799302755910953, 0.9988255590355994, -0.03740194846577975], [-0.03523405215683081, 0.03631150553752344, 0.9987191979394218]], "fy": 353.1316833496093, "fx": 353.1316833496095}, {"id": 44, "img_name": "000043.png", "width": 1920, "height": 1280, "position": [0.0, 0.0, 0.0], "rotation": [[0.9972756401351565, 0.05212833062603877, 0.05219132224957502], [-0.052982882772197315, 0.998480869153931, 0.015125069272036485], [-0.051323592091397814, -0.017849110159296282, 0.9985225574941134]], "fy": 353.1316833496093, "fx": 353.1316833496095}, {"id": 45, "img_name": "000044.png", "width": 1920, "height": 1280, "position": [0.012583333439776169, 0.008577979479853481, 0.04439320640523224], "rotation": [[0.9989200892381728, 0.03150463686001404, -0.03414839883940386], [-0.03212244995020871, 0.9993272590371681, -0.017696822769267838], [0.03356789382985907, 0.01877464202719148, 0.999260080910079]], "fy": 353.1316833496093, "fx": 353.1316833496095}, {"id": 46, "img_name": "000045.png", "width": 1920, "height": 1280, "position": [0.01204763984977876, 0.006300091684152958, 0.042164815274689904], "rotation": [[0.997380015728793, 0.027472339655257035, -0.06692065600829777], [-0.027883507238835918, 0.9995975620115908, -0.005217658070895077], [0.06675038330059624, 0.007069970689414735, 0.9977446573878593]], "fy": 353.1316833496093, "fx": 353.1316833496095}, {"id": 47, "img_name": "000046.png", "width": 1920, "height": 1280, "position": [0.011186250373658627, 0.001831164243943382, 0.041489162294935426], "rotation": [[0.9945481603189641, 0.027831881678427997, -0.10049549011644213], [-0.026220002723910753, 0.9995060568862076, 0.017324945542293847], [0.1009280368810572, -0.01459550078357432, 0.9947866620927182]], "fy": 353.1316833496093, "fx": 353.1316833496095}, {"id": 48, "img_name": "000047.png", "width": 1920, "height": 1280, "position": [0.00780383133275972, -0.0003610775738240573, 0.040665644877589245], "rotation": [[0.9919830357501338, 0.04209129388834692, -0.11915527255421385], [-0.03925395044575513, 0.9988893618426192, 0.02606089145169532], [0.12011987085019021, -0.02117464681310303, 0.9925335511850034]], "fy": 353.1316833496093, "fx": 353.1316833496095}, {"id": 49, "img_name": "000049.png", "width": 1920, "height": 1280, "position": [0.0030480305716162775, 0.0025057951405424743, 0.052052289591231725], "rotation": [[0.9842317945478819, 0.06977895746754535, -0.16253822988062236], [-0.0682286580278215, 0.9975553180635927, 0.015107558401808106], [0.16319506518797106, -0.0037795756222032888, 0.9865865848037682]], "fy": 353.1316833496093, "fx": 353.1316833496095}]