[{"id": 0, "img_name": "00000.png", "width": 256, "height": 256, "position": [0.0, 0.0, 0.0], "rotation": [[0.9999284892603311, -0.002195329860089292, -0.011755717661134259], [0.0022559096967637512, 0.9999842329419137, 0.005142444962902035], [0.01174424294550104, -0.00516859705934111, 0.9999176757954918]], "fy": 454.97045898437494, "fx": 454.97045898437494}, {"id": 1, "img_name": "00240.png", "width": 256, "height": 256, "position": [0.2920214966736181, -0.09597465853754948, 3.102436212474457], "rotation": [[0.9562677143553275, -0.016329089521032982, 0.292036650506854], [0.017403883825031736, 0.9998479547954743, -0.001082621895061242], [-0.2919745694947646, 0.006117849113614856, 0.9564065080589214]], "fy": 454.97045898437494, "fx": 454.97045898437494}, {"id": 2, "img_name": "00030.png", "width": 256, "height": 256, "position": [0.031089807653804133, -0.0654847516934391, 0.6210035682799473], "rotation": [[0.9998510496700086, -0.0032382127773694217, 0.01695265308193498], [0.0029150447155809928, 0.9998142236033288, 0.019053104424233115], [-0.01701120168636307, -0.019000848715335056, 0.9996747404800054]], "fy": 454.97045898437494, "fx": 454.97045898437494}, {"id": 3, "img_name": "00060.png", "width": 256, "height": 256, "position": [0.017281431410523542, -0.03342925125862741, 1.0739636829331642], "rotation": [[0.9985320553282916, -0.005946942756180462, 0.05383649504306117], [0.005410001601758526, 0.9999342193044476, 0.01011379947000832], [-0.05389309983045889, -0.009807697431369052, 0.9984985441667029]], "fy": 454.97045898437494, "fx": 454.97045898437494}, {"id": 4, "img_name": "00090.png", "width": 256, "height": 256, "position": [0.05539756594889495, -0.0316364126444546, 1.535025206447142], "rotation": [[0.9973651812658733, -0.007148053912375484, 0.07219141307817047], [0.006792656187011445, 0.9999635787441213, 0.0051673011934958305], [-0.07222571992636921, -0.00466331480440918, 0.9973774102497418]], "fy": 454.97045898437494, "fx": 454.97045898437494}, {"id": 5, "img_name": "00120.png", "width": 256, "height": 256, "position": [0.0555824572601229, -0.0006399336815118152, 1.7134953983461885], "rotation": [[0.9957532572796354, -0.006273169756582729, 0.09184822896470839], [0.0074064048216381795, 0.9999005379599034, -0.012002472100020105], [-0.09176379999959905, 0.012631765913713018, 0.9957006792683499]], "fy": 454.97045898437494, "fx": 454.97045898437494}, {"id": 6, "img_name": "00150.png", "width": 256, "height": 256, "position": [0.119906311542114, -0.04019089685413269, 2.262247828871565], "rotation": [[0.9957131660359323, -0.006610916110874383, 0.09225826378980774], [0.007390330919865347, 0.9999398109319654, -0.008109101602029538], [-0.0921991022636861, 0.008756158294145744, 0.9957020918435086]], "fy": 454.97045898437494, "fx": 454.97045898437494}, {"id": 7, "img_name": "00180.png", "width": 256, "height": 256, "position": [0.16971981166982944, -0.07866589764194497, 2.729131934259814], "rotation": [[0.9950592073437329, -0.00724081262552662, 0.09901890319389638], [0.007085849017621265, 0.9999730583548531, 0.0019165857469418436], [-0.09903011310151918, -0.0012054832010107651, 0.9950837061235864]], "fy": 454.97045898437494, "fx": 454.97045898437494}, {"id": 8, "img_name": "00210.png", "width": 256, "height": 256, "position": [0.21370399857165578, -0.10087987103665728, 3.0626181544792117], "rotation": [[0.9862499365340877, -0.011230800443277622, 0.16487853405663747], [0.010639858446680528, 0.9999334179706321, 0.004466881894102563], [-0.16491772276955888, -0.00265117766747826, 0.9863037641423783]], "fy": 454.97045898437494, "fx": 454.97045898437494}, {"id": 9, "img_name": "00270.png", "width": 256, "height": 256, "position": [0.5390631191314802, -0.1135267658951705, 3.673163275182521], "rotation": [[0.8808570772563862, -0.02108578653584023, 0.4729124983035852], [0.015128983658642112, 0.9997511048677119, 0.016396409243834353], [-0.4731405238394087, -0.007288208888316498, 0.8809568426907262]], "fy": 454.97045898437494, "fx": 454.97045898437494}]