[{"id": 0, "img_name": "000000.png", "width": 1920, "height": 1280, "position": [-0.19481597248134908, 0.005828842514543436, -0.25345985429308426], "rotation": [[-0.5090820266170725, -0.031480152012198455, 0.8601418667111943], [0.04213122472915462, 0.9972216242461438, 0.0614328185339101], [-0.8596859838004517, 0.06751319366973937, -0.5063413072587091]], "fy": 394.9783325195312, "fx": 394.97833251953114}, {"id": 1, "img_name": "000080.png", "width": 1920, "height": 1280, "position": [-0.001433994867973804, 0.0015653580318931758, -0.09167633932266966], "rotation": [[0.9904425781649641, 0.008676249996020407, 0.13765253456934307], [-0.007778018632450377, 0.9999448143746612, -0.007061913420183986], [-0.13770620905939893, 0.005923755650554452, 0.9904554040123545]], "fy": 394.9783325195312, "fx": 394.97833251953114}, {"id": 2, "img_name": "000160.png", "width": 1920, "height": 1280, "position": [-0.013488669080079863, -0.006226860194822013, 0.22983671154256877], "rotation": [[0.9976645106868514, 0.027099242672338857, -0.06269891791166343], [-0.02877820601678473, 0.9992467974194778, -0.026031758095632393], [0.061946251857261846, 0.027775323898736378, 0.9976929349345461]], "fy": 394.9783325195312, "fx": 394.97833251953114}, {"id": 3, "img_name": "000010.png", "width": 1920, "height": 1280, "position": [-0.15423554934966652, 0.010354063276740854, -0.27629045836204885], "rotation": [[-0.47417063409396704, -0.007325625458899946, 0.8804022341726915], [0.044022904333163644, 0.9985173011183337, 0.032018476037820036], [-0.8793314179640709, 0.05394009756523667, -0.4731450861326067]], "fy": 394.9783325195312, "fx": 394.97833251953114}, {"id": 4, "img_name": "000020.png", "width": 1920, "height": 1280, "position": [-0.14832781642372547, 0.008424575534004903, -0.2731725316517155], "rotation": [[-0.3514427606404416, -0.025221643060520164, 0.9358697895540559], [0.04592380154711481, 0.9979692369707318, 0.04414076488951598], [-0.9350825625205972, 0.05849163525580412, -0.3495707905341542]], "fy": 394.9783325195312, "fx": 394.97833251953114}, {"id": 5, "img_name": "000030.png", "width": 1920, "height": 1280, "position": [-0.14020322639144292, 0.010850808886088604, -0.2761139085015439], "rotation": [[0.0256265406503679, -0.011037218291938789, 0.999610755736446], [0.06199971901535027, 0.9980316148893967, 0.00943031987165378], [-0.9977472215013332, 0.06173391210056419, 0.02626040191137609]], "fy": 394.9783325195312, "fx": 394.97833251953114}, {"id": 6, "img_name": "000040.png", "width": 1920, "height": 1280, "position": [-0.07530890044486514, 0.012891147597122659, -0.25600503277189196], "rotation": [[0.41388974661265776, 0.007067505253711297, 0.910299588848396], [0.029393504350540833, 0.9993446990436113, -0.02112331438137086], [-0.9098523577977169, 0.035499617997215904, 0.41341078551741883]], "fy": 394.9783325195312, "fx": 394.97833251953114}, {"id": 7, "img_name": "000050.png", "width": 1920, "height": 1280, "position": [-0.06466149612115701, 0.00997427077654108, -0.23825617881969502], "rotation": [[0.7298449124768696, 0.02375805970130178, 0.683199832968486], [-0.004088936004618752, 0.9995297467326126, -0.030390230206544817], [-0.6836005688787041, 0.019386595598145564, 0.7295988456856314]], "fy": 394.9783325195312, "fx": 394.97833251953114}, {"id": 8, "img_name": "000060.png", "width": 1920, "height": 1280, "position": [-0.017237746668270954, 0.00467655765985825, -0.17232379516314283], "rotation": [[0.8876994927551948, -0.0011700933385072822, 0.460421802230612], [0.002256418567221526, 0.9999958179199901, -0.0018090653873666033], [-0.46041775993433953, 0.0026448107504036668, 0.8876984205453016]], "fy": 394.9783325195312, "fx": 394.97833251953114}, {"id": 9, "img_name": "000070.png", "width": 1920, "height": 1280, "position": [-0.006342413229868704, 0.002398345269548926, -0.128246157179669], "rotation": [[0.9602189219896173, 0.013902670177173846, 0.2789020183536762], [-0.012950354614436312, 0.9999023223271372, -0.005256816128030191], [-0.2789478596353984, 0.0014358141900298752, 0.9603051745528602]], "fy": 394.9783325195312, "fx": 394.97833251953114}, {"id": 10, "img_name": "000090.png", "width": 1920, "height": 1280, "position": [9.228249454885038e-05, 0.0009156267643672855, -0.060284724093185825], "rotation": [[0.9990360476528126, 0.013280475944741434, 0.04184022022805233], [-0.01324837233534853, 0.999911690918961, -0.0010444881776481016], [-0.04185039665898935, 0.0004891664036082884, 0.9991237684259927]], "fy": 394.9783325195312, "fx": 394.97833251953114}, {"id": 11, "img_name": "000100.png", "width": 1920, "height": 1280, "position": [0.0006922346976162035, 0.0006588972142596459, -0.030710196326392263], "rotation": [[0.999774038256707, 0.016960259682199524, 0.0128149153700723], [-0.016984532436497418, 0.9998541543732552, 0.0017876420362008493], [-0.012782727500159161, -0.0020048934256918388, 0.9999162876428958]], "fy": 394.9783325195312, "fx": 394.97833251953114}, {"id": 12, "img_name": "000110.png", "width": 1920, "height": 1280, "position": [0.0, 0.0, 0.0], "rotation": [[0.9997424191627899, 0.02105104225780119, -0.008482275466832435], [-0.021045908493585983, 0.9997782694543286, 0.0006940505983734959], [0.00849500517448719, -0.000515354648534213, 0.9999637839961008]], "fy": 394.9783325195312, "fx": 394.97833251953114}, {"id": 13, "img_name": "000120.png", "width": 1920, "height": 1280, "position": [-0.0008350346921878703, -0.0004532057813534492, 0.033287308834688806], "rotation": [[0.999592476494825, 0.017862826077255863, -0.022266574877871925], [-0.017903097147668558, 0.9998384295774574, -0.0016105414030917124], [0.02223420843608585, 0.002008525733875097, 0.999750771835523]], "fy": 394.9783325195312, "fx": 394.97833251953114}, {"id": 14, "img_name": "000130.png", "width": 1920, "height": 1280, "position": [-0.002536427563874985, -0.0014843781723284039, 0.0748913582811317], "rotation": [[0.9983371084890451, 0.017936512481182134, -0.05478411092029541], [-0.01818788973650442, 0.99982620749042, -0.00409333940059649], [0.05470116960584655, 0.005082940146029258, 0.998489832340305]], "fy": 394.9783325195312, "fx": 394.97833251953114}, {"id": 15, "img_name": "000140.png", "width": 1920, "height": 1280, "position": [-0.0055236678887440665, -0.0023194901470958546, 0.1200016348682727], "rotation": [[0.9982515855878737, 0.017494852077825685, -0.05645973603774223], [-0.01824496612316441, 0.9997516381593619, -0.012797780134133225], [0.05622181830785191, 0.013805510348119348, 0.9983228509910438]], "fy": 394.9783325195312, "fx": 394.97833251953114}, {"id": 16, "img_name": "000150.png", "width": 1920, "height": 1280, "position": [-0.009223227973112074, -0.00427298572900597, 0.17227241312528738], "rotation": [[0.9980377480016048, 0.02383623266463421, -0.05790067003636798], [-0.02460509526317007, 0.9996178105500358, -0.012602464879984577], [0.057578145727291884, 0.014002387164992395, 0.9982428012769236]], "fy": 394.9783325195312, "fx": 394.97833251953114}, {"id": 17, "img_name": "000170.png", "width": 1920, "height": 1280, "position": [-0.01781196754859222, -0.009069161339710047, 0.28872313217907525], "rotation": [[0.9973368341771491, 0.025941189812727743, -0.06816373377425422], [-0.02795086842097837, 0.9991973064727929, -0.02869654882209801], [0.06736459667704192, 0.03052536045464379, 0.997261357038364]], "fy": 394.9783325195312, "fx": 394.97833251953114}, {"id": 18, "img_name": "000180.png", "width": 1920, "height": 1280, "position": [-0.023260232470876833, -0.01215094223129247, 0.35165956012212685], "rotation": [[0.9966156243156008, 0.023513188682709633, -0.07876818463581847], [-0.026466992607263328, 0.998976948653232, -0.0366681637895684], [0.07782541522650657, 0.038628822028931226, 0.9962183587885417]], "fy": 394.9783325195312, "fx": 394.97833251953114}, {"id": 19, "img_name": "000190.png", "width": 1920, "height": 1280, "position": [-0.028761062150339457, -0.016132300003198267, 0.4133215826727706], "rotation": [[0.9944144621690411, 0.019286607708059657, -0.10376850760998603], [-0.023625939597447288, 0.9988899272366597, -0.04075203112054703], [0.1028673484961389, 0.042976037805126655, 0.993766254030061]], "fy": 394.9783325195312, "fx": 394.97833251953114}]