[{"id": 0, "img_name": "000000.png", "width": 1920, "height": 1280, "position": [-1.0014497839244725, 0.02310851353193288, -1.2703689857897158], "rotation": [[-0.5184006365737943, -0.028535627908199933, 0.8546619412526312], [0.0332831686739179, 0.9980124825728005, 0.05350996181413001], [-0.8544902261400389, 0.05618543646009063, -0.5164205508575865]], "fy": 393.5767822265625, "fx": 393.5767822265625}, {"id": 1, "img_name": "000080.png", "width": 1920, "height": 1280, "position": [-0.00766318027851854, 0.007920959603508667, -0.46613532966022936], "rotation": [[0.9906271808956554, 0.009804106147325778, 0.13624119712738253], [-0.008908987539899833, 0.9999345488785367, -0.007178291642935512], [-0.1363026567351651, 0.005897239400693953, 0.9906496879148274]], "fy": 393.5767822265625, "fx": 393.5767822265625}, {"id": 2, "img_name": "000160.png", "width": 1920, "height": 1280, "position": [-0.06963797696065466, -0.03308452670558432, 1.159631097485831], "rotation": [[0.9975448210620254, 0.027830999874441754, -0.06426324791494696], [-0.029560162385017272, 0.9992217946985991, -0.026115161818675528], [0.06348642678841299, 0.02795067661136348, 0.9975912153342935]], "fy": 393.5767822265625, "fx": 393.5767822265625}, {"id": 3, "img_name": "000010.png", "width": 1920, "height": 1280, "position": [-0.8081452076221796, 0.044924948424706346, -1.3798539930645226], "rotation": [[-0.48465773866393635, -0.006347489089118166, 0.8746804249615077], [0.03266156478676056, 0.9991449746766851, 0.025348399118652234], [-0.8740934495889213, 0.04085374566011998, -0.4840360247301315]], "fy": 393.5767822265625, "fx": 393.5767822265625}, {"id": 4, "img_name": "000020.png", "width": 1920, "height": 1280, "position": [-0.7553025618449766, 0.039742249607064475, -1.3700983083197094], "rotation": [[-0.3635817724579591, -0.02076734286441916, 0.9313306258192179], [0.03506244449889211, 0.9987380111423101, 0.03595844585533872], [-0.930902058276931, 0.04572857217233964, -0.3623947822563853]], "fy": 393.5767822265625, "fx": 393.5767822265625}, {"id": 5, "img_name": "000030.png", "width": 1920, "height": 1280, "position": [-0.6942843923094987, 0.05367920110939077, -1.3828471035845165], "rotation": [[0.011882484133726978, -0.005025944617493553, 0.9999166796590542], [0.05169036799595919, 0.9986534426947101, 0.004405338226572682], [-0.9985923754145775, 0.05163371988487826, 0.01212627675972375]], "fy": 393.5767822265625, "fx": 393.5767822265625}, {"id": 6, "img_name": "000040.png", "width": 1920, "height": 1280, "position": [-0.4089195246045237, 0.06394613793178887, -1.3026195126723066], "rotation": [[0.41483122682687684, 0.013238497717543938, 0.9098020536957416], [0.02333065266554908, 0.9994106459463524, -0.025180178645970778], [-0.9095992059017014, 0.03167180021132489, 0.41427788157027495]], "fy": 393.5767822265625, "fx": 393.5767822265625}, {"id": 7, "img_name": "000050.png", "width": 1920, "height": 1280, "position": [-0.3068908981256501, 0.04805850788695424, -1.1790174026915925], "rotation": [[0.7297875003261681, 0.02432792525010573, 0.6832410790026178], [-0.007500722422435713, 0.9995914472760752, -0.027580386496095007], [-0.6836329125684175, 0.015003020001242338, 0.7296718206609756]], "fy": 393.5767822265625, "fx": 393.5767822265625}, {"id": 8, "img_name": "000060.png", "width": 1920, "height": 1280, "position": [-0.09654810990829754, 0.020926804072366256, -0.8871689648891111], "rotation": [[0.8888508937727398, -0.002031544266024307, 0.4581920357218042], [0.0015663041132911687, 0.999997799870646, 0.0013953296738480273], [-0.4581938623142181, -0.0005225718794744269, 0.8888521202022439]], "fy": 393.5767822265625, "fx": 393.5767822265625}, {"id": 9, "img_name": "000070.png", "width": 1920, "height": 1280, "position": [-0.03299954015997242, 0.011663690390451195, -0.651847050110312], "rotation": [[0.9606378914217876, 0.014097285331136704, 0.27744565918869507], [-0.013314269303197186, 0.9999002864232016, -0.004706103215493667], [-0.2774843373765065, 0.0008268741412431469, 0.9607297978697963]], "fy": 393.5767822265625, "fx": 393.5767822265625}, {"id": 10, "img_name": "000090.png", "width": 1920, "height": 1280, "position": [0.000521151634087815, 0.004846324051118391, -0.30365377298492713], "rotation": [[0.9990677987151444, 0.013974073071714664, 0.04084432513500517], [-0.013914802879845155, 0.9999016790702023, -0.0017350671429358826], [-0.04086455523754894, 0.0011651089913916996, 0.9991640159079292]], "fy": 393.5767822265625, "fx": 393.5767822265625}, {"id": 11, "img_name": "000100.png", "width": 1920, "height": 1280, "position": [0.0033113375514293034, 0.003088417266413808, -0.15724621158485902], "rotation": [[0.9997726784183885, 0.017761065867562112, 0.011795594369246765], [-0.017781262187584412, 0.999840605379556, 0.0016095225037403417], [-0.0117651273810387, -0.001818897171856066, 0.9999291341873969]], "fy": 393.5767822265625, "fx": 393.5767822265625}, {"id": 12, "img_name": "000110.png", "width": 1920, "height": 1280, "position": [0.0, 0.0, 0.0], "rotation": [[0.9997192853695365, 0.021545446255038653, -0.009856177828753303], [-0.02154653540072493, 0.9997678464638318, -4.319074749548504e-06], [0.009853796625974923, 0.00021668433339793255, 0.999951426693365]], "fy": 393.5767822265625, "fx": 393.5767822265625}, {"id": 13, "img_name": "000120.png", "width": 1920, "height": 1280, "position": [-0.004704912676231329, -0.002298998410645795, 0.1698110837294077], "rotation": [[0.9995515598105769, 0.018587156923244103, -0.023477582481953238], [-0.01864985490558909, 0.9998230637632703, -0.002454400048262212], [0.023427808128091997, 0.002891152902759361, 0.9997213506983347]], "fy": 393.5767822265625, "fx": 393.5767822265625}, {"id": 14, "img_name": "000130.png", "width": 1920, "height": 1280, "position": [-0.013620116780050347, -0.007672759996197756, 0.38002387182265], "rotation": [[0.99826026143987, 0.01861782435300168, -0.055944862264359026], [-0.01892435969545368, 0.9998086428654129, -0.004954424704146802], [0.05584191622369718, 0.006004525825804183, 0.9984215675639613]], "fy": 393.5767822265625, "fx": 393.5767822265625}, {"id": 15, "img_name": "000140.png", "width": 1920, "height": 1280, "position": [-0.02884256001099201, -0.01224877387094419, 0.6069515008233075], "rotation": [[0.9981566990848905, 0.018187087260464, -0.057900200102927644], [-0.01899561551598845, 0.9997291693135115, -0.01344449715179424], [0.05764000265568638, 0.014519565058090843, 0.9982318426088493]], "fy": 393.5767822265625, "fx": 393.5767822265625}, {"id": 16, "img_name": "000150.png", "width": 1920, "height": 1280, "position": [-0.047942415611637854, -0.02261250144476285, 0.8701054483695773], "rotation": [[0.9979389285378981, 0.024672522517235295, -0.05923816944925976], [-0.0254881567753096, 0.9995899060127955, -0.013052719948712384], [0.05889183263628272, 0.01453568940569357, 0.9981585370311726]], "fy": 393.5767822265625, "fx": 393.5767822265625}, {"id": 17, "img_name": "000170.png", "width": 1920, "height": 1280, "position": [-0.09220758512791691, -0.04718355183963995, 1.4667821569740633], "rotation": [[0.9971871664410291, 0.02618547613609142, -0.07022875236948202], [-0.02834988711608456, 0.9991477265918572, -0.0300017478221491], [0.0693832884803906, 0.03190833451317621, 0.9970796453990431]], "fy": 393.5767822265625, "fx": 393.5767822265625}, {"id": 18, "img_name": "000180.png", "width": 1920, "height": 1280, "position": [-0.12042618522501092, -0.06358849942605477, 1.7814587101916917], "rotation": [[0.9964684277610648, 0.024176870528808462, -0.08041238388551063], [-0.027227471437216967, 0.99894207892597, -0.03705924679160681], [0.07943133732887185, 0.03911779524792927, 0.9960725178564352]], "fy": 393.5767822265625, "fx": 393.5767822265625}, {"id": 19, "img_name": "000190.png", "width": 1920, "height": 1280, "position": [-0.14841816924887363, -0.08497643056884291, 2.0897667071462234], "rotation": [[0.9941743461801841, 0.020304102257444966, -0.1058541989979969], [-0.02463656995500271, 0.9989045809664897, -0.039782876780380075], [0.10493048858573266, 0.04215900017303381, 0.9935855321745325]], "fy": 393.5767822265625, "fx": 393.5767822265625}]