[{"id": 0, "img_name": "frame_00001.png", "width": 256, "height": 256, "position": [-0.008020805504978419, -0.0007208210388704573, 0.004034554451387214], "rotation": [[0.9989715032551487, -0.02261405279632791, 0.03930063734927508], [0.023031006866966137, 0.9996828268503107, -0.01018912951574584], [-0.039057754705411576, 0.011083783366692905, 0.9991754807739923]], "fy": 325.7469482421875, "fx": 325.7469482421875}, {"id": 1, "img_name": "frame_00009.png", "width": 256, "height": 256, "position": [-0.004534727055301235, 0.00016356434445039827, 0.007815181738772459], "rotation": [[0.9994276726306277, -0.02027598109022255, 0.027077884299955345], [0.02024375645880284, 0.9997940027448164, 0.0014636997388407075], [-0.027101984277345982, -0.000914703950872445, 0.9996322552795326]], "fy": 325.7469482421875, "fx": 325.7469482421875}, {"id": 2, "img_name": "frame_00017.png", "width": 256, "height": 256, "position": [0.0013337662227836276, 0.0011371423611349, 0.011729915504209739], "rotation": [[0.999974638287861, -0.0009162187286761845, -0.007062813604351288], [0.0009586326104003008, 0.9999815151621533, 0.0060041957043092], [0.007057181894131945, -0.00601081406954091, 0.9999570322357699]], "fy": 325.7469482421875, "fx": 325.7469482421875}, {"id": 3, "img_name": "frame_00025.png", "width": 256, "height": 256, "position": [0.006923412276606622, 0.0022383345729355152, 0.018818966893725787], "rotation": [[0.9988475407637937, -0.021231739499169885, -0.04304420617603065], [0.02123756689874814, 0.9997744056158434, -0.0003219543403333952], [0.04304133129570279, -0.0005925708526847, 0.9990731168290712]], "fy": 325.7469482421875, "fx": 325.7469482421875}, {"id": 4, "img_name": "frame_00033.png", "width": 256, "height": 256, "position": [0.013296741847975798, 0.0010849614556746288, 0.018712770728810186], "rotation": [[0.997019742654562, -0.03548156092988972, -0.06850322815856376], [0.035640383721392346, 0.999364077360211, 0.0010973033545497585], [0.06842073137841799, -0.003535514168903524, 0.997650291530591]], "fy": 325.7469482421875, "fx": 325.7469482421875}, {"id": 5, "img_name": "frame_00041.png", "width": 256, "height": 256, "position": [0.020640200211276452, 0.0009197815245298657, 0.020121343418218446], "rotation": [[0.9940693863829096, -0.03798540868533586, -0.10189781547822822], [0.03871286360745092, 0.9992369998446927, 0.005170344610518481], [0.10162366979959903, -0.009084437191627558, 0.994781435105883]], "fy": 325.7469482421875, "fx": 325.7469482421875}, {"id": 6, "img_name": "frame_00049.png", "width": 256, "height": 256, "position": [0.029870375338353444, 0.002240722313771289, 0.02001414108419717], "rotation": [[0.9856406374410813, -0.031617613094715065, -0.16587001352126968], [0.03134429546357369, 0.9994995435731796, -0.004265861507186778], [0.16592187916379642, -0.0009944720706017351, 0.986138399020827]], "fy": 325.7469482421875, "fx": 325.7469482421875}, {"id": 7, "img_name": "frame_00002.png", "width": 256, "height": 256, "position": [-0.007473896006070518, -0.0005016629345936885, 0.004974667511723636], "rotation": [[0.9990010811948312, -0.02450582043699383, 0.03736715641871557], [0.024807479139743478, 0.9996631247735344, -0.007630589338111363], [-0.037167574481557615, 0.008549952024749733, 0.9992724701565938]], "fy": 325.7469482421875, "fx": 325.7469482421875}, {"id": 8, "img_name": "frame_00003.png", "width": 256, "height": 256, "position": [-0.00717977966721334, -0.00035045936950776457, 0.0048820160745269015], "rotation": [[0.9989387380083552, -0.027955075583596545, 0.036604798757225235], [0.028209462578452384, 0.9995812143433063, -0.006451518313033225], [-0.03640911649541154, 0.007477273341527159, 0.9993089945122334]], "fy": 325.7469482421875, "fx": 325.7469482421875}, {"id": 9, "img_name": "frame_00004.png", "width": 256, "height": 256, "position": [-0.00681948112800811, -2.889127010045522e-05, 0.004440704613808658], "rotation": [[0.9988707212611179, -0.030465100929002842, 0.036457642078352205], [0.03074727410007274, 0.9995012283119962, -0.007204142181390162], [-0.03621998310246104, 0.008316979892987528, 0.999309231703334]], "fy": 325.7469482421875, "fx": 325.7469482421875}, {"id": 10, "img_name": "frame_00005.png", "width": 256, "height": 256, "position": [-0.006508503385398691, -0.00036819876038442304, 0.005256140693772552], "rotation": [[0.998849303973536, -0.030941019415559694, 0.0366431552258033], [0.03097259718218819, 0.999520190609114, -0.00029428436605353147], [-0.03661646803237945, 0.0014288796394914965, 0.9993283706132527]], "fy": 325.7469482421875, "fx": 325.7469482421875}, {"id": 11, "img_name": "frame_00006.png", "width": 256, "height": 256, "position": [-0.00621269544176612, -0.000493608836593044, 0.0062072576744230815], "rotation": [[0.9989004838867669, -0.029484747785928855, 0.03644822365842565], [0.02938913379070969, 0.9995630625629471, 0.0031563907017158246], [-0.03652536344632619, -0.002081738511503268, 0.9993305580397]], "fy": 325.7469482421875, "fx": 325.7469482421875}, {"id": 12, "img_name": "frame_00007.png", "width": 256, "height": 256, "position": [-0.005732470995186151, 0.00013901893146694787, 0.006855021316719072], "rotation": [[0.9989531263660585, -0.02714707188070218, 0.03681966776451895], [0.027191297363721643, 0.9996300026718008, -0.0007008204841423209], [-0.03678701936367272, 0.0017012612901367266, 0.9993216804391557]], "fy": 325.7469482421875, "fx": 325.7469482421875}, {"id": 13, "img_name": "frame_00008.png", "width": 256, "height": 256, "position": [-0.0053172027623900435, -0.00012028648663505454, 0.006625253334318925], "rotation": [[0.9991573731170899, -0.02363359832496238, 0.03355587311558132], [0.02360853804794649, 0.9997206263099093, 0.0011428955468944125], [-0.033573509223393985, -0.00034972733205133037, 0.9994361895915245]], "fy": 325.7469482421875, "fx": 325.7469482421875}, {"id": 14, "img_name": "frame_00010.png", "width": 256, "height": 256, "position": [-0.0037204947353067456, -0.0002379105748371241, 0.00799531882343514], "rotation": [[0.9996709829110905, -0.018468868224368107, 0.017799630357834117], [0.018364374162731744, 0.999813259697748, 0.006016269538840458], [-0.01790742013735632, -0.005687411015894228, 0.9998234732514919]], "fy": 325.7469482421875, "fx": 325.7469482421875}, {"id": 15, "img_name": "frame_00011.png", "width": 256, "height": 256, "position": [-0.0024487210362999644, 0.0004348847086734203, 0.007777624902828536], "rotation": [[0.9997580928661393, -0.019744944613230172, 0.00968983378546024], [0.019735727280531853, 0.999804684444978, 0.0010459467846837696], [-0.009708593372772625, -0.0008544578330102227, 0.9999525054272494]], "fy": 325.7469482421875, "fx": 325.7469482421875}, {"id": 16, "img_name": "frame_00012.png", "width": 256, "height": 256, "position": [-0.00170626607824128, 0.0005652707012232145, 0.006473257743203635], "rotation": [[0.9998599469923352, -0.01624493533167135, 0.00402348866542591], [0.01624975955377806, 0.9998672802834196, -0.0011692383760617932], [-0.004003960466262545, 0.001234455347703198, 0.9999912221712782]], "fy": 325.7469482421875, "fx": 325.7469482421875}, {"id": 17, "img_name": "frame_00013.png", "width": 256, "height": 256, "position": [-0.0011105692305539018, 0.0009023477216188458, 0.007811537605031523], "rotation": [[0.9999393831230149, -0.011010212772423058, -7.277724301576461e-05], [0.011010145086902871, 0.9999390055520199, -0.0008728591375127713], [8.238316865355198e-05, 0.0008720049395290802, 0.9999996164101331]], "fy": 325.7469482421875, "fx": 325.7469482421875}, {"id": 18, "img_name": "frame_00014.png", "width": 256, "height": 256, "position": [-0.0005173586207612727, 0.0006270462071288991, 0.008289901770153745], "rotation": [[0.9999665616659116, -0.00737876771632011, -0.0035255257921227184], [0.007389718911211232, 0.9999678799776156, 0.00310339535802027], [0.00350251331697932, -0.0031293442321813692, 0.9999889697409237]], "fy": 325.7469482421875, "fx": 325.7469482421875}, {"id": 19, "img_name": "frame_00015.png", "width": 256, "height": 256, "position": [0.0, 0.0, 0.0], "rotation": [[0.9999867904008558, -0.0041060411825287295, -0.0030918364442349914], [0.004103302376429583, 0.9999911839045287, -0.0008916416466087023], [0.0030954703032187113, 0.0008789431299906788, 0.9999948227484732]], "fy": 325.7469482421875, "fx": 325.7469482421875}, {"id": 20, "img_name": "frame_00016.png", "width": 256, "height": 256, "position": [0.0007589177150576993, 0.0009423088869042094, 0.008828128418664559], "rotation": [[0.9999740094098674, -0.004172881412064215, -0.005879419125425841], [0.004195227960527143, 0.9999840041406525, 0.0037936166795384165], [0.0058634947676949, -0.003818183582923924, 0.9999755201537652]], "fy": 325.7469482421875, "fx": 325.7469482421875}, {"id": 21, "img_name": "frame_00018.png", "width": 256, "height": 256, "position": [0.0018884608855281406, 0.001276191428042695, 0.012291402370655463], "rotation": [[0.9999609457200028, 1.859572115572864e-05, -0.008837799659972974], [2.895303735580004e-05, 0.9999855272757093, 0.005380000556177286], [0.008837771797930266, -0.005380046325264749, 0.9999464730225314]], "fy": 325.7469482421875, "fx": 325.7469482421875}, {"id": 22, "img_name": "frame_00019.png", "width": 256, "height": 256, "position": [0.0023110397703935705, 0.0015824391213844144, 0.01359633245539274], "rotation": [[0.9999180095853314, 0.0013849945452738693, -0.01273011862733897], [-0.00132875227263154, 0.9999893248712513, 0.004425445058265196], [0.012736111948100075, -0.00440816704258232, 0.9999091756462294]], "fy": 325.7469482421875, "fx": 325.7469482421875}, {"id": 23, "img_name": "frame_00020.png", "width": 256, "height": 256, "position": [0.0026751806603076667, 0.00222113603865566, 0.014319167071787244], "rotation": [[0.99987780982552, -7.795635224654597e-05, -0.015631997890035304], [6.762564234622121e-05, 0.9999997789903786, -0.0006613970037100521], [0.01563204599530788, 0.0006602590636740899, 0.999877594114752]], "fy": 325.7469482421875, "fx": 325.7469482421875}, {"id": 24, "img_name": "frame_00021.png", "width": 256, "height": 256, "position": [0.0035150517570569557, 0.002055874148069921, 0.013444948191922358], "rotation": [[0.9997345212380012, -0.005090552276256527, -0.022471611677656145], [0.005081710241766815, 0.999986986522578, -0.0004505629208504472], [0.02247361285791394, 0.0003362490886567938, 0.9997473799265887]], "fy": 325.7469482421875, "fx": 325.7469482421875}, {"id": 25, "img_name": "frame_00022.png", "width": 256, "height": 256, "position": [0.004482148403100851, 0.0020579179799736828, 0.014896305938397187], "rotation": [[0.999486020227997, -0.010711921875932671, -0.030215066369465984], [0.010747775900131214, 0.9999417162035398, 0.0010244631162682717], [0.030202331353521007, -0.001348681281826996, 0.9995428957086429]], "fy": 325.7469482421875, "fx": 325.7469482421875}, {"id": 26, "img_name": "frame_00023.png", "width": 256, "height": 256, "position": [0.0052409830812879315, 0.001945759198140018, 0.01641853166503046], "rotation": [[0.999288809353117, -0.013357233759027039, -0.03526272153613495], [0.01347994409953843, 0.9999038777518156, 0.003244430059156465], [0.035215995384222876, -0.0037174622583353045, 0.999372810265752]], "fy": 325.7469482421875, "fx": 325.7469482421875}, {"id": 27, "img_name": "frame_00024.png", "width": 256, "height": 256, "position": [0.0061941356445508475, 0.0025807289405177965, 0.018320102600161633], "rotation": [[0.9990866742767716, -0.018283452418051793, -0.038620364771079434], [0.018207308615223943, 0.9998315359306945, -0.00232242493664433], [0.03865632057457603, 0.001617130876951922, 0.9992512565444734]], "fy": 325.7469482421875, "fx": 325.7469482421875}, {"id": 28, "img_name": "frame_00026.png", "width": 256, "height": 256, "position": [0.007757291060883014, 0.002081687458708313, 0.01833025430557237], "rotation": [[0.9985944108286439, -0.025775201848261913, -0.0463124330362589], [0.02576996260072761, 0.9996676470151734, -0.0007102792955479799], [0.046315348553300446, -0.0004841888081519642, 0.998926751025255]], "fy": 325.7469482421875, "fx": 325.7469482421875}, {"id": 29, "img_name": "frame_00027.png", "width": 256, "height": 256, "position": [0.008368843000164074, 0.001537015002879246, 0.017913483321050777], "rotation": [[0.9985653913747151, -0.02454573308972795, -0.04758851059243744], [0.02464502637200395, 0.9996951387036274, 0.0015007901082800907], [0.047537164707646656, -0.002671457076899378, 0.9988658976311242]], "fy": 325.7469482421875, "fx": 325.7469482421875}, {"id": 30, "img_name": "frame_00028.png", "width": 256, "height": 256, "position": [0.008912819412597693, 0.00181291608287228, 0.018855213543000647], "rotation": [[0.9985562390399167, -0.02620438741699875, -0.04689102219026108], [0.02610115424712656, 0.9996553501718696, -0.0028125996870156274], [0.046948563651249504, 0.001584629335690536, 0.9988960514650834]], "fy": 325.7469482421875, "fx": 325.7469482421875}, {"id": 31, "img_name": "frame_00029.png", "width": 256, "height": 256, "position": [0.009235361212515098, 0.0021123069133020577, 0.020475468301919576], "rotation": [[0.998520233074379, -0.02696330348399803, -0.04722631495896797], [0.02672534495044312, 0.9996267736106201, -0.005662995991695245], [0.04736138191241517, 0.004392476699078942, 0.9988681624577543]], "fy": 325.7469482421875, "fx": 325.7469482421875}, {"id": 32, "img_name": "frame_00030.png", "width": 256, "height": 256, "position": [0.010355505389001079, 0.0011702067825691668, 0.01942179095105928], "rotation": [[0.9981195628549326, -0.027795292300748974, -0.05463295168536914], [0.027775415261571137, 0.9996135575977082, -0.0011232356546941134], [0.054643059861131826, -0.00039632966659045623, 0.9985058730348033]], "fy": 325.7469482421875, "fx": 325.7469482421875}, {"id": 33, "img_name": "frame_00031.png", "width": 256, "height": 256, "position": [0.010792636592656519, 0.0015246506407064061, 0.019628537481269564], "rotation": [[0.9979847199105808, -0.029174347997389473, -0.056350305291779826], [0.02894125253148566, 0.9995688658991339, -0.0049483703144805454], [0.056470376211411474, 0.0033075498163557156, 0.9983987966995808]], "fy": 325.7469482421875, "fx": 325.7469482421875}, {"id": 34, "img_name": "frame_00032.png", "width": 256, "height": 256, "position": [0.011525372593527648, 0.0017646309296001856, 0.01957089271535789], "rotation": [[0.9977927187077855, -0.030699070197595518, -0.058883422770266515], [0.030356722447407343, 0.9995166732339203, -0.006699948248083211], [0.059060645021790203, 0.004897651812758889, 0.9982423819555317]], "fy": 325.7469482421875, "fx": 325.7469482421875}, {"id": 35, "img_name": "frame_00034.png", "width": 256, "height": 256, "position": [0.014075835576802139, 0.00128109051168347, 0.01972101472946676], "rotation": [[0.9966832297442184, -0.038511230076568335, -0.07168977680658459], [0.03883729661348814, 0.9992405527239088, 0.0031594374508822193], [0.07151365836219147, -0.005933195702124848, 0.9974219735825731]], "fy": 325.7469482421875, "fx": 325.7469482421875}, {"id": 36, "img_name": "frame_00035.png", "width": 256, "height": 256, "position": [0.014969533124920654, 0.001400879799241186, 0.01906991055745676], "rotation": [[0.9965393283524719, -0.04014071603094863, -0.0727879711037209], [0.04064033579606322, 0.9991592725256849, 0.005395454985702646], [0.07251019878097555, -0.008334911195823505, 0.9973328428279448]], "fy": 325.7469482421875, "fx": 325.7469482421875}, {"id": 37, "img_name": "frame_00036.png", "width": 256, "height": 256, "position": [0.01615326342855712, 0.0011474666494716579, 0.018354225678255107], "rotation": [[0.9960847064147229, -0.042675607848907386, -0.0774212461256733], [0.04352858568561605, 0.9990083092539692, 0.009362695642707697], [0.07694490941664556, -0.012696075622580067, 0.9969545074697901]], "fy": 325.7469482421875, "fx": 325.7469482421875}, {"id": 38, "img_name": "frame_00037.png", "width": 256, "height": 256, "position": [0.016533443383943296, 0.0013804645896395812, 0.020914912064886628], "rotation": [[0.9959074399369263, -0.04038996906631043, -0.08085185076213997], [0.041546072589709604, 0.9990562839430707, 0.01266749518086171], [0.08026390985499925, -0.015974729437741995, 0.9966456306208397]], "fy": 325.7469482421875, "fx": 325.7469482421875}, {"id": 39, "img_name": "frame_00038.png", "width": 256, "height": 256, "position": [0.01774868264216257, 0.0015667926418644533, 0.020833190396329297], "rotation": [[0.9954676493299692, -0.04339064809252694, -0.0846251258556422], [0.04429415912276235, 0.9989795302795287, 0.008827559381631007], [0.08415573501301146, -0.012535948114893468, 0.9963737567668955]], "fy": 325.7469482421875, "fx": 325.7469482421875}, {"id": 40, "img_name": "frame_00039.png", "width": 256, "height": 256, "position": [0.01857717925362009, 0.001499693736176115, 0.02012439686367466], "rotation": [[0.9951872017419665, -0.0437538083249982, -0.08768145058722918], [0.04439763226294454, 0.9989993165574387, 0.005405142527693524], [0.08735721360864103, -0.009271977855865152, 0.9961339000750865]], "fy": 325.7469482421875, "fx": 325.7469482421875}, {"id": 41, "img_name": "frame_00040.png", "width": 256, "height": 256, "position": [0.019380999603363317, 0.0015486190184526608, 0.020134424502199457], "rotation": [[0.9947583295839846, -0.0415885406602, -0.09341444163851198], [0.041997930903717735, 0.9991147666971173, 0.0024200374777270835], [0.09323110221748222, -0.006330566115439003, 0.9956243692235098]], "fy": 325.7469482421875, "fx": 325.7469482421875}, {"id": 42, "img_name": "frame_00042.png", "width": 256, "height": 256, "position": [0.021270511047079662, 0.0011910824415020463, 0.02272590772706385], "rotation": [[0.9932504389428638, -0.03364684458646366, -0.11100205064383421], [0.034299255618861886, 0.9994037118784996, 0.003972623178711526], [0.11080219520277541, -0.007753097465041057, 0.9938122372398726]], "fy": 325.7469482421875, "fx": 325.7469482421875}, {"id": 43, "img_name": "frame_00043.png", "width": 256, "height": 256, "position": [0.023312683417472075, 0.0009655742221179009, 0.02074579700639052], "rotation": [[0.9927457386683686, -0.033416056949228876, -0.11549573894835853], [0.033650804801730036, 0.999433647872653, 8.278555608042082e-05], [0.11542756132508973, -0.003968709515488088, 0.9933079721997733]], "fy": 325.7469482421875, "fx": 325.7469482421875}, {"id": 44, "img_name": "frame_00044.png", "width": 256, "height": 256, "position": [0.02437210584723921, 0.0007362547383701129, 0.020949575619394995], "rotation": [[0.9916971807890566, -0.02836946803825623, -0.12542676409589817], [0.02863132091013315, 0.9995899989866864, 0.00028513590338334475], [0.1253672498353645, -0.0038739027825674733, 0.9921028393692827]], "fy": 325.7469482421875, "fx": 325.7469482421875}, {"id": 45, "img_name": "frame_00045.png", "width": 256, "height": 256, "position": [0.025391050738431127, 0.00039745772527378893, 0.02193977512951773], "rotation": [[0.990513604143557, -0.027179846623722494, -0.13469987690298152], [0.027983038866964568, 0.9996001010488554, 0.004072782409940486], [0.13453531297000576, -0.007803458098797685, 0.9908780734606334]], "fy": 325.7469482421875, "fx": 325.7469482421875}, {"id": 46, "img_name": "frame_00046.png", "width": 256, "height": 256, "position": [0.02506873683473017, 0.0010768091087114975, 0.021234494346645722], "rotation": [[0.9899042943065935, -0.025946500003925108, -0.13934227133378857], [0.025884847406239985, 0.999662387828171, -0.002255012393952706], [0.13935373736526954, -0.0013746067392253365, 0.9902417117167687]], "fy": 325.7469482421875, "fx": 325.7469482421875}, {"id": 47, "img_name": "frame_00047.png", "width": 256, "height": 256, "position": [0.02523428488713556, 0.0007874620637560803, 0.02206795596729997], "rotation": [[0.9886612171122042, -0.022924444718358646, -0.14840305900679981], [0.02367814898568942, 0.9997141411863631, 0.003313786420321397], [0.14828466997242934, -0.006790121809137875, 0.9889214079995827]], "fy": 325.7469482421875, "fx": 325.7469482421875}, {"id": 48, "img_name": "frame_00048.png", "width": 256, "height": 256, "position": [0.025749320735589377, 0.0008748847930483818, 0.023265652918254363], "rotation": [[0.9869559143474461, -0.02196937650568011, -0.15948471037918235], [0.023257858044563085, 0.9997101702588626, 0.00621671871585672], [0.15930190955528106, -0.009844899611717825, 0.9871808257469548]], "fy": 325.7469482421875, "fx": 325.7469482421875}, {"id": 49, "img_name": "frame_00050.png", "width": 256, "height": 256, "position": [0.027343848400336053, 0.0007830501762583918, 0.02252132949469027], "rotation": [[0.9835284393654785, -0.021279209426412794, -0.1794965281611292], [0.02416149616000387, 0.9996116185669133, 0.013886472395304548], [0.17913132188152442, -0.017994645271921912, 0.983660592726782]], "fy": 325.7469482421875, "fx": 325.7469482421875}]