[{"id": 0, "img_name": "frame_00001.png", "width": 256, "height": 256, "position": [-2.6426419368990466, -0.0765802035197204, 0.47333203810695235], "rotation": [[0.5959764754863566, 0.0799741512322957, 0.7990095083853697], [0.05609086811340678, 0.9884516260660403, -0.14077356987684955], [-0.8010404945256143, 0.12871487325193515, 0.5846080967181814]], "fy": 493.31072998046875, "fx": 493.31072998046875}, {"id": 1, "img_name": "frame_00241.png", "width": 256, "height": 256, "position": [-1.5161706742497736, 0.07118600280498331, 0.08850488259462579], "rotation": [[0.8922154300850794, -0.0011243419844310222, 0.45160861874372105], [0.002598175564201459, 0.9999931308438967, -0.00264343481741298], [-0.45160254444837566, 0.003531871883062928, 0.892212222556182]], "fy": 493.31072998046875, "fx": 493.31072998046875}, {"id": 2, "img_name": "frame_00031.png", "width": 256, "height": 256, "position": [-2.0326211758364354, -0.04057947220727416, 0.1816581230273155], "rotation": [[0.7028857755785902, 0.059076413276646596, 0.7088453008803158], [0.053169242451789715, 0.9893934459833155, -0.13518004347642643], [-0.7093128469461423, 0.13270489776776356, 0.6922895314899908]], "fy": 493.31072998046875, "fx": 493.31072998046875}, {"id": 3, "img_name": "frame_00061.png", "width": 256, "height": 256, "position": [-1.3107454012450348, -0.07536937305678386, -0.08044229719288701], "rotation": [[0.8655065413744942, 0.08235827822532432, 0.49408053239246236], [-0.024971881760355624, 0.9922582679645812, -0.12165499002812696], [-0.500274788094309, 0.09295507240143984, 0.8608626624776702]], "fy": 493.31072998046875, "fx": 493.31072998046875}, {"id": 4, "img_name": "frame_00091.png", "width": 256, "height": 256, "position": [-0.5637733734630492, -0.07830144769106277, -0.14378499021705024], "rotation": [[0.9683340644191726, 0.11803479144521214, 0.21999304703213754], [-0.08370951317460286, 0.9836720181164669, -0.15931755994555372], [-0.23520601637302985, 0.13585711432022757, 0.9624037561453926]], "fy": 493.31072998046875, "fx": 493.31072998046875}, {"id": 5, "img_name": "frame_00121.png", "width": 256, "height": 256, "position": [-0.01762331640981492, -0.10457859789372918, 0.1471306584674626], "rotation": [[0.9939032968580955, 0.110245829274846, -0.001446609620874093], [-0.10914202810673672, 0.9819229458714577, -0.1546458640787581], [-0.01562860366897778, 0.15386092000056067, 0.9879689074984126]], "fy": 493.31072998046875, "fx": 493.31072998046875}, {"id": 6, "img_name": "frame_00151.png", "width": 256, "height": 256, "position": [0.29555997594641176, -0.13832970395330949, 0.4685582674875787], "rotation": [[0.9756928235529876, 0.07463860215038683, -0.20604026850002852], [-0.0997218219149805, 0.9884446631805396, -0.11416087613320816], [0.19513859538411277, 0.13193265886269803, 0.9718614618779563]], "fy": 493.31072998046875, "fx": 493.31072998046875}, {"id": 7, "img_name": "frame_00181.png", "width": 256, "height": 256, "position": [0.0, 0.0, 0.0], "rotation": [[0.9983007559004795, 0.03543513345228928, 0.04625962067355966], [-0.03420709318256425, 0.9990479842746386, -0.0270739750977219], [-0.04717495059501966, 0.025445562851136704, 0.9985624906444776]], "fy": 493.31072998046875, "fx": 493.31072998046875}, {"id": 8, "img_name": "frame_00211.png", "width": 256, "height": 256, "position": [-0.7484617732154416, 0.06859025717915933, -0.1291204842057835], "rotation": [[0.9236370949747534, 0.018826596336019234, 0.38280555197897936], [-0.006084572629010115, 0.9993872273507336, -0.034469521334698314], [-0.3832199229312755, 0.029508120840228164, 0.9231856672024775]], "fy": 493.31072998046875, "fx": 493.31072998046875}, {"id": 9, "img_name": "frame_00271.png", "width": 256, "height": 256, "position": [-2.1690877128591235, 0.030905615516815397, 0.5585857933005107], "rotation": [[0.7069726763919227, -0.05822255044409352, 0.7048402757318751], [0.06460136298524502, 0.9977555514403058, 0.01762168589958344], [-0.7042842775289319, 0.0330755881773847, 0.7091471683637264]], "fy": 493.31072998046875, "fx": 493.31072998046875}, {"id": 10, "img_name": "frame_00301.png", "width": 256, "height": 256, "position": [-2.813314682220838, -0.02203909592675616, 0.908547475848078], "rotation": [[0.41409888674859957, 0.011215123283666233, 0.9101627305347791], [0.1619012513359632, 0.9830721162915068, -0.08577409299582443], [-0.8957175670157654, 0.18287545276263634, 0.40527332740331057]], "fy": 493.31072998046875, "fx": 493.31072998046875}]