[{"id": 0, "img_name": "00000.png", "width": 256, "height": 256, "position": [0.0012594655952771277, 0.0018287324525919242, -0.019154040485918532], "rotation": [[0.9996756262460993, -2.6962543551592106e-05, -0.025468445670504485], [-0.00019222637969983132, 0.9999629680887226, -0.00860380838635717], [0.025467734506020374, 0.008605913243314021, 0.9996386011640884]], "fy": 199.22344970703122, "fx": 199.22344970703122}, {"id": 1, "img_name": "00008.png", "width": 256, "height": 256, "position": [0.0003758926036921769, 0.00045110673414221425, -0.010772272406464726], "rotation": [[0.9998749160591078, 0.0012553986584152457, -0.01576629936942082], [-0.0013550546699936709, 0.9999791627094375, -0.006311732837291721], [0.01575804710105534, 0.006332307539630987, 0.9998557825088673]], "fy": 199.22344970703122, "fx": 199.22344970703122}, {"id": 2, "img_name": "00016.png", "width": 256, "height": 256, "position": [0.0, 0.0, 0.0], "rotation": [[0.9999848883492121, 0.0006544721970064702, -0.005458455997720493], [-0.0006816228015327026, 0.9999873989251613, -0.004973669002800892], [0.0054551320875058555, 0.004977314450216827, 0.9999727335679316]], "fy": 199.22344970703122, "fx": 199.22344970703122}, {"id": 3, "img_name": "00024.png", "width": 256, "height": 256, "position": [-0.0008703748572355975, 0.000277174318030799, 0.008057316655622449], "rotation": [[0.9999632124758863, 0.0008231422003713284, 0.008537923043195573], [-0.0007684756720033756, 0.9999791982861265, -0.006404095493079476], [-0.008543016921152684, 0.00639729871593548, 0.9999430440920287]], "fy": 199.22344970703122, "fx": 199.22344970703122}, {"id": 4, "img_name": "00032.png", "width": 256, "height": 256, "position": [-0.00063565813741282, -0.0013347905810217827, 0.01946660282168686], "rotation": [[0.9998570665859895, 0.0005915631941874739, 0.016896640633523793], [-0.0005545128252769842, 0.9999974320450953, -0.0021973663752836133], [-0.01689789712472437, 0.0021876828947327855, 0.9998548270274935]], "fy": 199.22344970703122, "fx": 199.22344970703122}, {"id": 5, "img_name": "00040.png", "width": 256, "height": 256, "position": [-0.0007524210721499442, -0.0029226949907589085, 0.03578894362186221], "rotation": [[0.9996853398081131, -0.0006531617798708967, 0.025075782490996967], [0.0005400906825719032, 0.9999896583987212, 0.004515683940098072], [-0.02507847263892028, -0.004500719840378483, 0.999675354227451]], "fy": 199.22344970703122, "fx": 199.22344970703122}, {"id": 6, "img_name": "00048.png", "width": 256, "height": 256, "position": [7.368583864424823e-05, -0.004480815101783766, 0.05137027787636529], "rotation": [[0.9995180417647798, -0.0011521528252452144, 0.031021876510481973], [0.000857120461577442, 0.9999542966159101, 0.00952208131594507], [-0.03103142959772654, -0.009490902588289713, 0.9994733479414774]], "fy": 199.22344970703122, "fx": 199.22344970703122}, {"id": 7, "img_name": "00001.png", "width": 256, "height": 256, "position": [0.0012089435241302428, 0.0006584700924626581, -0.0177543118976104], "rotation": [[0.9997137180895466, 0.0006813472833635166, -0.023916888894494646], [-0.0008092808647166657, 0.9999854155986273, -0.005339817573413675], [0.023912901810406693, 0.005357644362477526, 0.9996996892647964]], "fy": 199.22344970703122, "fx": 199.22344970703122}, {"id": 8, "img_name": "00002.png", "width": 256, "height": 256, "position": [0.0012116360453041997, 0.0006561208777865836, -0.01770839517618045], "rotation": [[0.9997133823925162, 0.0006852192120911245, -0.023930807749490222], [-0.0008126906874725395, 0.9999855325614619, -0.005317349208502282], [0.02392681798230127, 0.005335273506582923, 0.999699475971854]], "fy": 199.22344970703122, "fx": 199.22344970703122}, {"id": 9, "img_name": "00003.png", "width": 256, "height": 256, "position": [0.0008627244129692966, -5.1420419560934185e-05, -0.017763436430467565], "rotation": [[0.9997571906231969, 0.0005594440101143797, -0.02202831888277482], [-0.0006359918638665628, 0.9999937838011375, -0.0034681225137887395], [0.022026241730053773, 0.003481290252348967, 0.9997513317355148]], "fy": 199.22344970703122, "fx": 199.22344970703122}, {"id": 10, "img_name": "00004.png", "width": 256, "height": 256, "position": [0.0005515721593611434, -0.0013173759677105226, -0.01418356430333546], "rotation": [[0.9998078266343786, 0.0010930378946165079, -0.019573325023285838], [-0.001085589043427163, 0.9999993342360453, 0.00039118261504380897], [0.019573739569511136, -0.00036985885206917426, 0.999808347588379]], "fy": 199.22344970703122, "fx": 199.22344970703122}, {"id": 11, "img_name": "00005.png", "width": 256, "height": 256, "position": [0.0005598731433224395, -0.0013051609652085072, -0.014021858913380408], "rotation": [[0.9998069981711326, 0.0010866328648157701, -0.019615953865836047], [-0.0010795158307675568, 0.9999993476073489, 0.00037340390801097594], [0.019616346821481008, -0.0003521561081365905, 0.9998075189417466]], "fy": 199.22344970703122, "fx": 199.22344970703122}, {"id": 12, "img_name": "00006.png", "width": 256, "height": 256, "position": [0.00036085984234629395, -0.0007530346364533958, -0.014121631595119484], "rotation": [[0.9998448387566277, 0.0011260144112519932, -0.0175792634087391], [-0.0011586505143213123, 0.9999976240970533, -0.0018464368970394207], [0.017577142527551052, 0.0018665186242677657, 0.9998437678795108]], "fy": 199.22344970703122, "fx": 199.22344970703122}, {"id": 13, "img_name": "00007.png", "width": 256, "height": 256, "position": [0.00036805646028628686, 0.0004383504575424727, -0.010939215398229825], "rotation": [[0.9998755946569317, 0.0012713800495488075, -0.015721922010100902], [-0.0013703849211182503, 0.9999792908251721, -0.006288081651835916], [0.015713601881492907, 0.006308844463274796, 0.9998566303382781]], "fy": 199.22344970703122, "fx": 199.22344970703122}, {"id": 14, "img_name": "00009.png", "width": 256, "height": 256, "position": [4.669114290251763e-05, 0.0008970647909032638, -0.008296434739359723], "rotation": [[0.9999192570731535, 0.001127520691338225, -0.012657330935765805], [-0.00122850756474157, 0.999967455782811, -0.007973590309400862], [0.012647928624492731, 0.007988496125642343, 0.999888100651421]], "fy": 199.22344970703122, "fx": 199.22344970703122}, {"id": 15, "img_name": "00010.png", "width": 256, "height": 256, "position": [-0.00017477789326974003, 0.001641567895363316, -0.007627441019045296], "rotation": [[0.99994200814666, 0.0010065202962308735, -0.010722279417934136], [-0.0011206026579509245, 0.9999427756819835, -0.010639061344283978], [0.010710957413134083, 0.010650459778700615, 0.9998859150563566]], "fy": 199.22344970703122, "fx": 199.22344970703122}, {"id": 16, "img_name": "00011.png", "width": 256, "height": 256, "position": [-0.00017361366138575325, 0.001643037982615319, -0.007602033231525905], "rotation": [[0.9999419161485253, 0.0010095615632636792, -0.010730569493152731], [-0.0011237857064840128, 0.999942719028686, -0.010644048763933808], [0.010719209013882588, 0.010655489376517589, 0.999885773035097]], "fy": 199.22344970703122, "fx": 199.22344970703122}, {"id": 17, "img_name": "00012.png", "width": 256, "height": 256, "position": [-0.00039505286661935257, 0.0012677499211532846, -0.006409824357540619], "rotation": [[0.9999696433169928, 0.0009676297969504262, -0.007731503362822291], [-0.0010391526003202462, 0.9999566577951927, -0.009252172890897931], [0.007722215585343781, 0.00925992623652438, 0.9999273079428115]], "fy": 199.22344970703122, "fx": 199.22344970703122}, {"id": 18, "img_name": "00013.png", "width": 256, "height": 256, "position": [-0.0003964922044671925, 0.001266284564160395, -0.006421002476291426], "rotation": [[0.9999696763607289, 0.0009678966565230338, -0.007727195165439228], [-0.00103932834368949, 0.9999567189850282, -0.009245537714285004], [0.007717912001085495, 0.0092532884476036, 0.9999274026204571]], "fy": 199.22344970703122, "fx": 199.22344970703122}, {"id": 19, "img_name": "00014.png", "width": 256, "height": 256, "position": [-0.0005453641326387017, 0.0006907055313165498, -0.004986013861166773], "rotation": [[0.9999799908105622, 0.001517477757400377, -0.006141273711991784], [-0.001563780415354306, 0.9999703373295457, -0.007541820493546322], [0.006129647001448007, 0.007551273190668983, 0.9999527017354511]], "fy": 199.22344970703122, "fx": 199.22344970703122}, {"id": 20, "img_name": "00015.png", "width": 256, "height": 256, "position": [-9.134852599948397e-05, 0.00012247206793890937, -0.001502283461876483], "rotation": [[0.9999869941055307, 0.000777668498251828, -0.005040521306090944], [-0.0008059985170803251, 0.9999838780074392, -0.005620862566202318], [0.005036068875700006, 0.005624852114011259, 0.9999714991222216]], "fy": 199.22344970703122, "fx": 199.22344970703122}, {"id": 21, "img_name": "00017.png", "width": 256, "height": 256, "position": [-0.0004062082141279311, -0.0007580445535187503, 0.0003066089208135802], "rotation": [[0.9999979333927426, 0.0012534203512053485, -0.0016006712295554264], [-0.0012578195586370711, 0.9999954268348547, -0.002750309241401755], [0.00159721661644633, 0.00275231691282347, 0.9999949368134071]], "fy": 199.22344970703122, "fx": 199.22344970703122}, {"id": 22, "img_name": "00018.png", "width": 256, "height": 256, "position": [-0.0007079764098356742, 0.0005642181155693052, 0.0024953760867118136], "rotation": [[0.9999989595379118, 0.0011078659902763123, 0.0009238810247408098], [-0.0011010482153133857, 0.9999723995747386, -0.007347638014434091], [-0.0009319957230815227, 0.007346613131994283, 0.9999725789551765]], "fy": 199.22344970703122, "fx": 199.22344970703122}, {"id": 23, "img_name": "00019.png", "width": 256, "height": 256, "position": [-0.0007077878723132571, 0.0005645932730438898, 0.0024837371731970454], "rotation": [[0.9999989442584155, 0.0011154194587752128, 0.0009313010365899474], [-0.001108552264297028, 0.9999724326648948, -0.007342004199934927], [-0.0009394647769287739, 0.0073409640528697435, 0.9999726134531016]], "fy": 199.22344970703122, "fx": 199.22344970703122}, {"id": 24, "img_name": "00020.png", "width": 256, "height": 256, "position": [-0.000630003253583134, 0.00044083044687141386, 0.0059920312173872775], "rotation": [[0.9999915387470786, 0.0012393232820499078, 0.003922564814974846], [-0.0012123181199403873, 0.9999756012611544, -0.0068794748986981125], [-0.003930995001418063, 0.0068746612940800405, 0.9999686426685105]], "fy": 199.22344970703122, "fx": 199.22344970703122}, {"id": 25, "img_name": "00021.png", "width": 256, "height": 256, "position": [-0.00047686656025134716, -0.0010251109545361193, 0.010061827537003703], "rotation": [[0.9999908166697256, 0.000863458345644471, 0.0041977391326342576], [-0.0008589393707429405, 0.9999990498432384, -0.0010782094244550493], [-0.00419866613315465, 0.0010745939190842655, 0.9999906081801416]], "fy": 199.22344970703122, "fx": 199.22344970703122}, {"id": 26, "img_name": "00022.png", "width": 256, "height": 256, "position": [-0.0004768120145543382, -0.0010249018950291035, 0.010074725832207004], "rotation": [[0.9999908344217805, 0.0008579755796064607, 0.0041946332964239745], [-0.0008534870388429161, 0.9999990614657092, -0.001071740354145928], [-0.00419554888676045, 0.0010681504655134712, 0.9999906281672023]], "fy": 199.22344970703122, "fx": 199.22344970703122}, {"id": 27, "img_name": "00023.png", "width": 256, "height": 256, "position": [-0.0008718864350962423, 0.000281753587112779, 0.008055268603121802], "rotation": [[0.9999632188438211, 0.0008208240659934017, 0.008537400433687907], [-0.0007661792854534435, 0.9999792138702527, -0.0064019368991279565], [-0.008542477838132827, 0.006395160249013317, 0.9999430623770182]], "fy": 199.22344970703122, "fx": 199.22344970703122}, {"id": 28, "img_name": "00025.png", "width": 256, "height": 256, "position": [-0.0009079980032680883, -0.0001370014703630335, 0.00904274281664063], "rotation": [[0.9999538025944358, 0.0012795711941043762, 0.009526561735826774], [-0.0012312725087795437, 0.9999863689657369, -0.005074037043236539], [-0.009532924470298937, 0.005062072842841278, 0.9999417476906567]], "fy": 199.22344970703122, "fx": 199.22344970703122}, {"id": 29, "img_name": "00026.png", "width": 256, "height": 256, "position": [-0.000371653544103117, -0.0003052605464901914, 0.013545138688255012], "rotation": [[0.9999447241563241, 0.001478850390883357, 0.010409689568461958], [-0.0014290875967260272, 0.9999875246989451, -0.004786246535460856], [-0.010416637846793243, 0.004771105613871, 0.9999343629515367]], "fy": 199.22344970703122, "fx": 199.22344970703122}, {"id": 30, "img_name": "00027.png", "width": 256, "height": 256, "position": [-0.0003590151348119091, -0.0002947918794224084, 0.013635134567504512], "rotation": [[0.9999450736718053, 0.0014753154001884213, 0.010376565067380522], [-0.0014255532686249092, 0.9999874571494379, -0.004801390000418148], [-0.01038351847910561, 0.004786333934000994, 0.9999346346505098]], "fy": 199.22344970703122, "fx": 199.22344970703122}, {"id": 31, "img_name": "00028.png", "width": 256, "height": 256, "position": [-0.000924256931545798, -0.00040885042188176665, 0.014408474288666836], "rotation": [[0.9998888727509339, 0.001208515594938708, 0.014858722794569445], [-0.0011361407381085807, 0.9999874553959233, -0.00487834351800267], [-0.014864431951886952, 0.0048609198011506545, 0.9998777025846787]], "fy": 199.22344970703122, "fx": 199.22344970703122}, {"id": 32, "img_name": "00029.png", "width": 256, "height": 256, "position": [-0.0007161796504061095, -0.0004314832998113372, 0.016301149673557017], "rotation": [[0.999881365676566, 0.0011773911337542033, 0.015358006457994622], [-0.001103133811991712, 0.9999876657713852, -0.0048426650714157235], [-0.015363518738833501, 0.004825148631827439, 0.9998703317309675]], "fy": 199.22344970703122, "fx": 199.22344970703122}, {"id": 33, "img_name": "00030.png", "width": 256, "height": 256, "position": [-0.0007146131293747207, -0.00042986172034599403, 0.016329171854456533], "rotation": [[0.9998815216218421, 0.0011718378547503645, 0.01534827416769662], [-0.0010977155757737494, 0.9999876996798363, -0.004836890533377123], [-0.015353753430328137, 0.0048194694271614155, 0.99987050910364]], "fy": 199.22344970703122, "fx": 199.22344970703122}, {"id": 34, "img_name": "00031.png", "width": 256, "height": 256, "position": [-0.0006310280554458815, -0.0013280812087923127, 0.01950914950907078], "rotation": [[0.9998573359385243, 0.0005821031924157838, 0.016881024070639326], [-0.0005448630155228995, 0.9999974082858322, -0.002210553501488045], [-0.016882267089891698, 0.002201040290863645, 0.9998550617605483]], "fy": 199.22344970703122, "fx": 199.22344970703122}, {"id": 35, "img_name": "00033.png", "width": 256, "height": 256, "position": [-0.000863155846251575, -0.0015139297436284893, 0.021088210656659147], "rotation": [[0.9998370462782984, 0.0004281229299659424, 0.018047093896413135], [-0.0003961940304805461, 0.9999983502152271, -0.001772737175337682], [-0.018047823072030778, 0.001765298150299269, 0.9998355663821142]], "fy": 199.22344970703122, "fx": 199.22344970703122}, {"id": 36, "img_name": "00034.png", "width": 256, "height": 256, "position": [-0.0006702950690314051, -0.0017378237622528872, 0.0254134511331353], "rotation": [[0.9998170443407071, -0.00018304247530939513, 0.019127058590072642], [0.0002014621295474678, 0.9999995178563895, -0.0009610931670193105], [-0.019126873447225953, 0.0009647707072489391, 0.9998165991614312]], "fy": 199.22344970703122, "fx": 199.22344970703122}, {"id": 37, "img_name": "00035.png", "width": 256, "height": 256, "position": [-0.0006686771069365143, -0.001735859864305456, 0.025411369064589708], "rotation": [[0.9998168575666588, -0.0001854093811789886, 0.019136797781433044], [0.0002040270897441587, 0.9999995078366262, -0.0009709272209366815], [-0.019136608344028475, 0.0009746538273028651, 0.9998164033219489]], "fy": 199.22344970703122, "fx": 199.22344970703122}, {"id": 38, "img_name": "00036.png", "width": 256, "height": 256, "position": [-0.0008192824219615847, -0.001657713964532231, 0.026972358357859046], "rotation": [[0.9997920095729246, 0.0002504588138133175, 0.020393010543580458], [-0.00022484001040640192, 0.9999991827651266, -0.001258537288161509], [-0.02039330908944698, 0.001253690359919746, 0.9997912488211886]], "fy": 199.22344970703122, "fx": 199.22344970703122}, {"id": 39, "img_name": "00037.png", "width": 256, "height": 256, "position": [-0.0008687123828255126, -0.002122658246724655, 0.030442312653553908], "rotation": [[0.9997518019461121, 0.0003821313121413533, 0.022275288714090735], [-0.0003962789443801223, 0.9999997225800775, 0.0006307160792377858], [-0.022275041518121978, -0.0006393867645246001, 0.9997516760256361]], "fy": 199.22344970703122, "fx": 199.22344970703122}, {"id": 40, "img_name": "00038.png", "width": 256, "height": 256, "position": [-0.0008707865139432135, -0.0021220964619964337, 0.03041951130886521], "rotation": [[0.9997515606146034, 0.00038395735037241856, 0.022286087333811083], [-0.0003983075504766517, 0.9999997162125559, 0.0006394732012038257], [-0.022285835478895403, -0.0006481910466209563, 0.9997514298307557]], "fy": 199.22344970703122, "fx": 199.22344970703122}, {"id": 41, "img_name": "00039.png", "width": 256, "height": 256, "position": [-0.000881970008656647, -0.002298066171808658, 0.033549712966832526], "rotation": [[0.9997028706210972, -0.0002376436960759595, 0.024374455573207755], [0.00020204427107963074, 0.9999989094415848, 0.0014629743926052791], [-0.02437477665803498, -0.0014576149816087377, 0.9997018284012593]], "fy": 199.22344970703122, "fx": 199.22344970703122}, {"id": 42, "img_name": "00041.png", "width": 256, "height": 256, "position": [-0.0007585653927206093, -0.002921468908208841, 0.03574805447027038], "rotation": [[0.9996848414304451, -0.000649478163841468, 0.025095735849936084], [0.000536445734867163, 0.9999896836693437, 0.0045105187874239965], [-0.025098406437632982, -0.0044956347575014505, 0.999674876760879]], "fy": 199.22344970703122, "fx": 199.22344970703122}, {"id": 43, "img_name": "00042.png", "width": 256, "height": 256, "position": [-0.0011053069264855856, -0.0026265183455234688, 0.03615221245879747], "rotation": [[0.999620447208228, 0.0001681213694724759, 0.02754874432945037], [-0.0002426530655411303, 0.9999963198066351, 0.0027021275350402386], [-0.027548188659403373, -0.002707786721838676, 0.9996168092068536]], "fy": 199.22344970703122, "fx": 199.22344970703122}, {"id": 44, "img_name": "00043.png", "width": 256, "height": 256, "position": [-0.0011056272467947353, -0.0026291372858778194, 0.036150299902631744], "rotation": [[0.9996204220588574, 0.00017514504204270057, 0.027549613116990484], [-0.00024941967788677543, 0.9999963437903737, 0.0026926188454486715], [-0.027549040791030988, -0.002698468201930558, 0.9996168109216643]], "fy": 199.22344970703122, "fx": 199.22344970703122}, {"id": 45, "img_name": "00044.png", "width": 256, "height": 256, "position": [-0.0007712819022778421, -0.002609133305923277, 0.039760082135720146], "rotation": [[0.9996188652509648, -0.0008232059887763701, 0.027594324630859236], [0.0007487007760012561, 0.9999960470074274, 0.002710243271672654], [-0.027596446638674648, -0.0026885504167998217, 0.999615530099827]], "fy": 199.22344970703122, "fx": 199.22344970703122}, {"id": 46, "img_name": "00045.png", "width": 256, "height": 256, "position": [-0.0005820375540074857, -0.003150914605333418, 0.04440983447046492], "rotation": [[0.9995686712543906, -0.0010273301063677194, 0.029349890097331847], [0.0008858914184961494, 0.9999879351032536, 0.004831650295883516], [-0.02935449969370186, -0.004803565450748733, 0.9995575216644964]], "fy": 199.22344970703122, "fx": 199.22344970703122}, {"id": 47, "img_name": "00046.png", "width": 256, "height": 256, "position": [-0.0007314059608930709, -0.0032065000331859207, 0.04319528937875403], "rotation": [[0.9995531755119403, -0.000850607334979846, 0.029878517071078293], [0.0007078549622758643, 0.9999882868730381, 0.004788011888902394], [-0.029882239818283706, -0.004764722831138, 0.9995420697253193]], "fy": 199.22344970703122, "fx": 199.22344970703122}, {"id": 48, "img_name": "00047.png", "width": 256, "height": 256, "position": [-2.5017387752579842e-05, -0.0037665436017635927, 0.0476334500466432], "rotation": [[0.999594436087659, -0.0014598062714196054, 0.028439979283781173], [0.001257870998258011, 0.9999738827009433, 0.00711699963857578], [-0.028449625947694283, -0.007078339420631817, 0.99957016562855]], "fy": 199.22344970703122, "fx": 199.22344970703122}, {"id": 49, "img_name": "00049.png", "width": 256, "height": 256, "position": [0.0001328235378555423, -0.004463189935493566, 0.05185832091304163], "rotation": [[0.9995243126338936, -0.0012080048131433987, 0.03081702531974697], [0.0009131933613047897, 0.9999537053308958, 0.009578792219584905], [-0.030827169884233167, -0.009546093801787923, 0.9994791431287063]], "fy": 199.22344970703122, "fx": 199.22344970703122}]