[{"id": 0, "img_name": "frame_00001.png", "width": 256, "height": 256, "position": [-0.18665015376751254, -0.005692956300210595, 0.03675783202582141], "rotation": [[0.5955840480859262, 0.08223358360775852, 0.7990728040099212], [0.05625999082094376, 0.9880334879332139, -0.1436128202127022], [-0.8013204863312055, 0.13048933452065875, 0.5838305237112069]], "fy": 483.42449951171875, "fx": 483.42449951171875}, {"id": 1, "img_name": "frame_00241.png", "width": 256, "height": 256, "position": [-0.10852804638292313, 0.005193528855306361, 0.007933480300729323], "rotation": [[0.8914965470233736, -0.0009606140660247939, 0.4530264885883855], [0.002729118838961478, 0.9999909942445485, -0.003250129451061436], [-0.45301928662306346, 0.004133842244448458, 0.8914911400531728]], "fy": 483.42449951171875, "fx": 483.42449951171875}, {"id": 2, "img_name": "frame_00031.png", "width": 256, "height": 256, "position": [-0.14287947181113403, -0.0034059291806529763, 0.016011405118717056], "rotation": [[0.7045784580489439, 0.06019917900612684, 0.7070680578748272], [0.05226203847735603, 0.989287417332631, -0.13630511593886604], [-0.7076989889452173, 0.13299046636471593, 0.6938844712624537]], "fy": 483.42449951171875, "fx": 483.42449951171875}, {"id": 3, "img_name": "frame_00061.png", "width": 256, "height": 256, "position": [-0.0931878265273753, -0.0053553213453864336, -0.004298084567275876], "rotation": [[0.8664175920174116, 0.08375084421304087, 0.4922462156115128], [-0.025150135679468756, 0.991901472242749, -0.12449473521032918], [-0.4986862855198219, 0.09548436790066013, 0.8615072303799092]], "fy": 483.42449951171875, "fx": 483.42449951171875}, {"id": 4, "img_name": "frame_00091.png", "width": 256, "height": 256, "position": [-0.04011692607370074, -0.005597994161047064, -0.009421075193333859], "rotation": [[0.9686685429646008, 0.11823751542745331, 0.2184059442260671], [-0.08367853018853823, 0.9833629659468384, -0.16123023137907228], [-0.23383577594804245, 0.13790276962630602, 0.9624467108294831]], "fy": 483.42449951171875, "fx": 483.42449951171875}, {"id": 5, "img_name": "frame_00121.png", "width": 256, "height": 256, "position": [-0.0010819295841606627, -0.007435162337057998, 0.012006501226881659], "rotation": [[0.9939689776698454, 0.10961558829702843, -0.0031773375039566764], [-0.10873544870395944, 0.9814026176886349, -0.1581945258753058], [-0.01422233688485436, 0.15758594043905236, 0.9874028555267211]], "fy": 483.42449951171875, "fx": 483.42449951171875}, {"id": 6, "img_name": "frame_00151.png", "width": 256, "height": 256, "position": [0.021223981461875076, -0.009918395136365936, 0.03566352069332103], "rotation": [[0.97471780979303, 0.07372013566159463, -0.21092780576123707], [-0.1004259247642543, 0.9878229215324754, -0.11882976226430508], [0.19959917655255602, 0.13700810327343058, 0.9702520063651499]], "fy": 483.42449951171875, "fx": 483.42449951171875}, {"id": 7, "img_name": "frame_00181.png", "width": 256, "height": 256, "position": [0.0, 0.0, 0.0], "rotation": [[0.998265339916329, 0.034975938161321246, 0.04736026148292393], [-0.03372234706353489, 0.9990660687685946, -0.027014686238803962], [-0.04826089438170408, 0.025370725527464846, 0.9985124996351933]], "fy": 483.42449951171875, "fx": 483.42449951171875}, {"id": 8, "img_name": "frame_00211.png", "width": 256, "height": 256, "position": [-0.05332362295828337, 0.004971305464363107, -0.007943407273157965], "rotation": [[0.9232612418394109, 0.018322698652629008, 0.3837355413012511], [-0.005208849669685094, 0.9993672195561243, -0.03518562809823668], [-0.3841374165956733, 0.030486706178820766, 0.9227724603566555]], "fy": 483.42449951171875, "fx": 483.42449951171875}, {"id": 9, "img_name": "frame_00271.png", "width": 256, "height": 256, "position": [-0.15633413264431056, 0.002140869463637894, 0.04026199767633044], "rotation": [[0.7057568956690646, -0.0586199920532616, 0.706024689033624], [0.06488611827196838, 0.9977307107539872, 0.01797832504563056], [-0.7054764040341436, 0.03312287800789304, 0.7079589531709056]], "fy": 483.42449951171875, "fx": 483.42449951171875}, {"id": 10, "img_name": "frame_00301.png", "width": 256, "height": 256, "position": [-0.198898709891576, -0.0015797259019977355, 0.06777139559946958], "rotation": [[0.41055464579266987, 0.014282388476146057, 0.9117240925648753], [0.1622355891225809, 0.9827797378033255, -0.08845110732691186], [-0.8972872567945439, 0.18422811442536186, 0.4011676759374557]], "fy": 483.42449951171875, "fx": 483.42449951171875}]