[{"id": 0, "img_name": "frame_00001.png", "width": 256, "height": 256, "position": [-0.18660349188816416, -0.005679399629001048, 0.03677889522928604], "rotation": [[0.595576037887836, 0.08228226626044544, 0.7990737993295225], [0.05608024448579436, 0.9880542239042165, -0.14354044899024235], [-0.801339075731545, 0.13030150796115905, 0.5838470102489807]], "fy": 483.39285278320307, "fx": 483.39285278320307}, {"id": 1, "img_name": "frame_00241.png", "width": 256, "height": 256, "position": [-0.10853657903466037, 0.005205986106491809, 0.007895416044038709], "rotation": [[0.8915282689377234, -0.000847897713353518, 0.4529642663412328], [0.0025434527983201802, 0.999991853864395, -0.0031341749632213477], [-0.4529579189731055, 0.0039462988109184235, 0.891523163015363]], "fy": 483.39285278320307, "fx": 483.39285278320307}, {"id": 2, "img_name": "frame_00031.png", "width": 256, "height": 256, "position": [-0.1427922770896463, -0.003406788749914002, 0.016076804829578774], "rotation": [[0.7046153024717838, 0.060225602192978685, 0.7070291202815394], [0.05206833723080526, 0.9893173619000347, -0.1361618396963699], [-0.7076766128279313, 0.13275554667121778, 0.6939523052300511]], "fy": 483.39285278320307, "fx": 483.39285278320307}, {"id": 3, "img_name": "frame_00061.png", "width": 256, "height": 256, "position": [-0.09316533891691618, -0.005356362980038438, -0.004287316237636705], "rotation": [[0.8664729714857318, 0.08381290164676372, 0.4921381833478604], [-0.02531805418248051, 0.991915228417924, -0.12435101939988881], [-0.4985815782034024, 0.09528681656414205, 0.8615897149626808]], "fy": 483.39285278320307, "fx": 483.39285278320307}, {"id": 4, "img_name": "frame_00091.png", "width": 256, "height": 256, "position": [-0.040116155237399906, -0.005600386191456349, -0.009437011880932914], "rotation": [[0.9686815813156859, 0.11830319712513122, 0.218312502589598], [-0.08380759771776744, 0.9833849005315086, -0.16102926633743417], [-0.23373549538257504, 0.13768983841361637, 0.9625015470394349]], "fy": 483.39285278320307, "fx": 483.39285278320307}, {"id": 5, "img_name": "frame_00121.png", "width": 256, "height": 256, "position": [-0.001080683201132066, -0.0074394662461344475, 0.011967266170316682], "rotation": [[0.9939593489382799, 0.10969935053324685, -0.003296443136550802], [-0.10884080159942049, 0.9814346938844152, -0.15792284764625392], [-0.014088788165213733, 0.15732767841066672, 0.987445953222563]], "fy": 483.39285278320307, "fx": 483.39285278320307}, {"id": 6, "img_name": "frame_00151.png", "width": 256, "height": 256, "position": [0.021229477391567712, -0.009918769421724328, 0.035669031259446336], "rotation": [[0.9746537267759003, 0.07378503564959489, -0.21120104314710933], [-0.10049104588166353, 0.9878394999894717, -0.11863672108129464], [0.19987911799347252, 0.13685353632807418, 0.9702161856412734]], "fy": 483.39285278320307, "fx": 483.39285278320307}, {"id": 7, "img_name": "frame_00181.png", "width": 256, "height": 256, "position": [0.0, 0.0, 0.0], "rotation": [[0.9982666177171108, 0.03506290934122792, 0.04726893901262092], [-0.033820689093929025, 0.9990677602584483, -0.026828558266056086], [-0.04816556026936503, 0.025183386149447973, 0.998521845571552]], "fy": 483.39285278320307, "fx": 483.39285278320307}, {"id": 8, "img_name": "frame_00211.png", "width": 256, "height": 256, "position": [-0.05332598008476976, 0.0049737796711664395, -0.00797061139774728], "rotation": [[0.9232917057558802, 0.018415523978705967, 0.3836577827345605], [-0.005373487057894162, 0.9993715297746544, -0.03503813793849784], [-0.3840619109115719, 0.03028884200408235, 0.9228103999895616]], "fy": 483.39285278320307, "fx": 483.39285278320307}, {"id": 9, "img_name": "frame_00271.png", "width": 256, "height": 256, "position": [-0.15634426220720968, 0.002166571379721291, 0.04022846931980529], "rotation": [[0.7058274740286462, -0.05851717293057359, 0.7059626893213692], [0.06469562347201639, 0.9977423379950481, 0.018019525132206806], [-0.705423315850287, 0.032954020310676777, 0.7080197591349442]], "fy": 483.39285278320307, "fx": 483.39285278320307}, {"id": 10, "img_name": "frame_00301.png", "width": 256, "height": 256, "position": [-0.1990172589036821, -0.00152774422638762, 0.06768273120772429], "rotation": [[0.4106787633220408, 0.014399828758336522, 0.9116664498766651], [0.16209727922684752, 0.9827942570027937, -0.0885433447602999], [-0.8972555616803081, 0.18414151288022612, 0.40127855622442815]], "fy": 483.39285278320307, "fx": 483.39285278320307}]