[{"id": 0, "img_name": "00000.png", "width": 256, "height": 256, "position": [0.2986108599332583, -0.543288144284241, 3.6634254318029678], "rotation": [[0.999819024507292, 0.016514849895431324, -0.00944340861226857], [-0.016311796678130545, 0.999642404592216, 0.02118934237355213], [0.009789970501397112, -0.021031468660644086, 0.9997308806891773]], "fy": 91.12267930230628, "fx": 91.12267930230628}, {"id": 1, "img_name": "00008.png", "width": 245, "height": 245, "position": [0.3536462622892238, -0.43505719611664206, 3.428339777377572], "rotation": [[0.9998628007074779, 0.016150431414345637, 0.0036801258849473955], [-0.016167178051767688, 0.9998588716537646, 0.004567179556686023], [-0.003605844594680056, -0.004626050193316887, 0.9999827986242402]], "fy": 95.07701724542694, "fx": 95.07701724542694}, {"id": 2, "img_name": "00016.png", "width": 234, "height": 234, "position": [0.44029701573471647, -0.3168639575986257, 2.899429130220448], "rotation": [[0.9997625292560284, 0.0151512940652563, 0.01566280255053688], [-0.015047034350703401, 0.9998639821096226, -0.006753076124033587], [-0.01576298997137685, 0.006515793738016101, 0.9998545257081781]], "fy": 101.95523319651839, "fx": 101.95523319651839}, {"id": 3, "img_name": "00024.png", "width": 230, "height": 230, "position": [0.3981972945771783, -0.10860823278016732, 1.4285309420356216], "rotation": [[0.9992336229545834, 0.013789430657767228, 0.03663356874769882], [-0.012934613492251801, 0.9996408706960944, -0.02346966995422347], [-0.03694404594604934, 0.022977842285313722, 0.999053129834969]], "fy": 119.20897133095207, "fx": 119.20897133095207}, {"id": 4, "img_name": "00032.png", "width": 226, "height": 226, "position": [-0.06946793402502167, 0.06804987513030748, -1.72126150982665], "rotation": [[0.9971791025226341, 0.011300606333303152, 0.07420332734219892], [-0.008873139303934009, 0.9994172077084638, -0.032962286557683955], [-0.07453257603925142, 0.032210886866362434, 0.9966982260826169]], "fy": 155.18614266819495, "fx": 155.18614266819495}, {"id": 5, "img_name": "00040.png", "width": 221, "height": 221, "position": [-0.769327520740561, 0.5216387745104761, -4.5521398249039615], "rotation": [[0.9938474060849337, 0.008975835607918007, 0.11039369453636563], [-0.00321102874673838, 0.9986268973654987, -0.052287753370608966], [-0.11071143894212736, 0.051611570730773555, 0.9925115732595091]], "fy": 190.9084867723241, "fx": 190.9084867723241}, {"id": 6, "img_name": "00048.png", "width": 215, "height": 215, "position": [-1.4737856805535203, 1.184516465670791, -6.475020532151092], "rotation": [[0.989794829712786, 0.006565182685409628, 0.14234849296759058], [0.004988946303615226, 0.9967292375647244, -0.08065939125993174], [-0.14241244850298954, 0.08054641742467698, 0.9865246926212404]], "fy": 218.98869229602047, "fx": 218.98869229602047}, {"id": 7, "img_name": "00001.png", "width": 256, "height": 256, "position": [0.3366898368762092, -0.4984271413850725, 3.4886925538282907], "rotation": [[0.999824744656596, 0.016340733724116166, -0.009135666025537404], [-0.016199137941668686, 0.9997507346058611, 0.015364133069846214], [0.009384450027541074, -0.015213450509292256, 0.9998402287472145]], "fy": 93.51297208177954, "fx": 93.51297208177954}, {"id": 8, "img_name": "00002.png", "width": 255, "height": 255, "position": [0.2911458218752552, -0.5247203266308651, 3.5520650856423344], "rotation": [[0.9998461206837354, 0.01665853802546972, -0.005498005505578698], [-0.016559535612993958, 0.9997082087301007, 0.017586334977351854], [0.005789363865519175, -0.017492584386179868, 0.9998302319681702]], "fy": 92.8088958229972, "fx": 92.8088958229972}, {"id": 9, "img_name": "00003.png", "width": 251, "height": 251, "position": [0.28979821179730575, -0.48817993036260315, 3.2474410453276557], "rotation": [[0.9998651266945652, 0.016252079678064725, -0.002366078231752317], [-0.016218714943755947, 0.9997773725528418, 0.013496615016720873], [0.0025848995404317175, -0.013456419935265971, 0.9999061171214483]], "fy": 95.59735707779872, "fx": 95.59735707779872}, {"id": 10, "img_name": "00004.png", "width": 250, "height": 250, "position": [0.31549993189049114, -0.47138114813218956, 3.4876054107797083], "rotation": [[0.9998685632306586, 0.01618452011259249, -0.0009578996730576638], [-0.016174246179894356, 0.9998201203802779, 0.009905586468180778], [0.001118044529850038, -0.009888791204769293, 0.9999504796663371]], "fy": 93.9637237366255, "fx": 93.9637237366255}, {"id": 11, "img_name": "00005.png", "width": 250, "height": 250, "position": [0.3154999318904911, -0.4713811481321894, 3.4876054107797083], "rotation": [[0.9998685632306586, 0.016184520112592492, -0.00095789967305765], [-0.01617424617989436, 0.9998201203802779, 0.009905586468180764], [0.0011180445298500242, -0.009888791204769279, 0.9999504796663371]], "fy": 93.9637237366255, "fx": 93.9637237366255}, {"id": 12, "img_name": "00006.png", "width": 248, "height": 248, "position": [0.3341099005279626, -0.4628610028158606, 3.4574906709146966], "rotation": [[0.9998603645345057, 0.01669899358975766, 0.0006285268608190613], [-0.016703676301530575, 0.9998253757463926, 0.008378855029077262], [-0.0004884986583650488, -0.008388183752984902, 0.9999646992481218]], "fy": 94.45473474128381, "fx": 94.45473474128381}, {"id": 13, "img_name": "00007.png", "width": 245, "height": 245, "position": [0.3536462622892233, -0.4350571961166422, 3.428339777377572], "rotation": [[0.9998628007074779, 0.016150431414345648, 0.0036801258849474506], [-0.0161671780517677, 0.9998588716537646, 0.004567179556686026], [-0.0036058445946801103, -0.004626050193316892, 0.9999827986242402]], "fy": 95.07701724542694, "fx": 95.07701724542694}, {"id": 14, "img_name": "00009.png", "width": 243, "height": 243, "position": [0.3652250370177928, -0.4148278843839213, 3.353642258134884], "rotation": [[0.9998434672004611, 0.01629581220827859, 0.006891124801696641], [-0.016312281491784618, 0.9998642065245406, 0.002340509257427124], [-0.0068520485325792215, -0.0024525528585210067, 0.9999735168570132]], "fy": 96.4470386930509, "fx": 96.4470386930509}, {"id": 15, "img_name": "00010.png", "width": 242, "height": 242, "position": [0.39536816235242944, -0.36550727841182135, 3.3099344815966396], "rotation": [[0.9998613488806893, 0.014736788217050704, 0.007753069555596834], [-0.014723146867604826, 0.9998899638038469, -0.0018136236259839052], [-0.0077789434245959885, 0.0016992225832963468, 0.9999682998384545]], "fy": 96.88550027478458, "fx": 96.88550027478458}, {"id": 16, "img_name": "00011.png", "width": 242, "height": 242, "position": [0.39536816235242905, -0.3655072784118217, 3.3099344815966396], "rotation": [[0.9998613488806893, 0.014736788217050717, 0.007753069555596874], [-0.014723146867604838, 0.9998899638038469, -0.001813623625983883], [-0.0077789434245960284, 0.0016992225832963242, 0.9999682998384545]], "fy": 96.88550027478458, "fx": 96.88550027478458}, {"id": 17, "img_name": "00012.png", "width": 239, "height": 239, "position": [0.4245816684352477, -0.34280843916309534, 3.228211925185169], "rotation": [[0.9998462754389607, 0.014635988064680219, 0.009654705806409118], [-0.014598890875270365, 0.999885817855129, -0.003901747991821025], [-0.009710709348431726, 0.0037602002008230912, 0.999945780039298]], "fy": 98.21938207106741, "fx": 98.21938207106741}, {"id": 18, "img_name": "00013.png", "width": 239, "height": 239, "position": [0.39978009836319867, -0.3736515253017662, 3.4079403895385583], "rotation": [[0.9998223443324711, 0.01516964466931316, 0.011187566944084145], [-0.015150767351945146, 0.9998836535880845, -0.001770179649174411], [-0.011213118307090965, 0.0016003649427230602, 0.9999358503473517]], "fy": 96.52079177420029, "fx": 96.52079177420029}, {"id": 19, "img_name": "00014.png", "width": 237, "height": 237, "position": [0.42664475647437017, -0.3347353802623034, 3.1119611280057846], "rotation": [[0.9998205899168825, 0.014728123791740185, 0.01191093396137607], [-0.01467308419541898, 0.9998813208232195, -0.0046951963759109434], [-0.01197867181498979, 0.004519583873477541, 0.9999180390327796]], "fy": 99.49889025322433, "fx": 99.49889025322433}, {"id": 20, "img_name": "00015.png", "width": 234, "height": 234, "position": [0.44029701573471636, -0.3168639575986259, 2.8994291302204487], "rotation": [[0.9997625292560284, 0.015151294065256294, 0.015662802550536887], [-0.015047034350703396, 0.9998639821096226, -0.0067530761240335675], [-0.015762989971376852, 0.006515793738016082, 0.9998545257081781]], "fy": 101.95523319651839, "fx": 101.95523319651839}, {"id": 21, "img_name": "00017.png", "width": 233, "height": 233, "position": [0.48449125597634635, -0.2572541076286373, 2.8518504472846247], "rotation": [[0.999743737468817, 0.014578798517093974, 0.01731814151920423], [-0.014359488865146302, 0.999815971876369, -0.012721142261746289], [-0.017500413464056966, 0.012469202649320712, 0.999769100599672]], "fy": 103.10655578138783, "fx": 103.10655578138783}, {"id": 22, "img_name": "00018.png", "width": 232, "height": 232, "position": [0.4917601011302402, -0.24852663838872577, 2.781728690653264], "rotation": [[0.9996992745958714, 0.014784113962072545, 0.01956502866967158], [-0.014515048085752394, 0.9997990894846523, -0.013823676961222983], [-0.019765468665248368, 0.013535532498442868, 0.9997130166244844]], "fy": 103.90974597156709, "fx": 103.90974597156709}, {"id": 23, "img_name": "00019.png", "width": 232, "height": 232, "position": [0.4917601011302405, -0.2485266383887254, 2.781728690653262], "rotation": [[0.9996992745958714, 0.01478411396207253, 0.019565028669671553], [-0.01451504808575238, 0.9997990894846523, -0.013823676961223007], [-0.01976546866524834, 0.013535532498442892, 0.9997130166244844]], "fy": 103.9097459715671, "fx": 103.9097459715671}, {"id": 24, "img_name": "00020.png", "width": 231, "height": 231, "position": [0.43104351131801744, -0.20604675964267585, 1.8166144099029855], "rotation": [[0.9994824962392128, 0.014515071310557015, 0.028706313178140732], [-0.014057683816424084, 0.9997720183775729, -0.01607149012852602], [-0.02893304749157095, 0.0156596287977495, 0.9994586808811894]], "fy": 114.03758606699628, "fx": 114.03758606699628}, {"id": 25, "img_name": "00021.png", "width": 231, "height": 231, "position": [0.4309974593854104, -0.186251605091883, 1.615030344061598], "rotation": [[0.9994284487907158, 0.014057690521334196, 0.030743407179263393], [-0.013527518116416816, 0.9997573439662913, -0.017385610115164544], [-0.030980348632538138, 0.016959791351101212, 0.999376097110559]], "fy": 116.66767877543552, "fx": 116.66767877543552}, {"id": 26, "img_name": "00022.png", "width": 231, "height": 231, "position": [0.43099745938540984, -0.18625160509188238, 1.615030344061598], "rotation": [[0.9994284487907158, 0.014057690521334194, 0.03074340717926341], [-0.013527518116416812, 0.9997573439662913, -0.017385610115164582], [-0.03098034863253816, 0.01695979135110125, 0.999376097110559]], "fy": 116.66767877543552, "fx": 116.66767877543552}, {"id": 27, "img_name": "00023.png", "width": 230, "height": 230, "position": [0.3981972945771792, -0.10860823278016696, 1.42853094203562], "rotation": [[0.9992336229545834, 0.013789430657767214, 0.03663356874769874], [-0.012934613492251789, 0.9996408706960944, -0.023469669954223487], [-0.03694404594604926, 0.02297784228531374, 0.999053129834969]], "fy": 119.20897133095207, "fx": 119.20897133095207}, {"id": 28, "img_name": "00025.png", "width": 229, "height": 229, "position": [0.3964615519576628, -0.09680673614873467, 1.309242897943906], "rotation": [[0.9991776275781478, 0.012991281029098767, 0.038409571261956287], [-0.012032792029892101, 0.9996129986554525, -0.025081164945427493], [-0.038720543168577655, 0.024598364504116003, 0.9989472658756582]], "fy": 120.63892805252098, "fx": 120.63892805252098}, {"id": 29, "img_name": "00026.png", "width": 228, "height": 228, "position": [0.2322504011900576, -0.05999635524808434, 0.08596845079846453], "rotation": [[0.9985772690067959, 0.012674562372131565, 0.05179568796342048], [-0.011319416906798663, 0.9995880721650474, -0.026373410591997687], [-0.05210862331533195, 0.02574959133731955, 0.9983093958899424]], "fy": 134.0478558368734, "fx": 134.0478558368734}, {"id": 30, "img_name": "00027.png", "width": 228, "height": 228, "position": [0.23225040119005813, -0.059996355248084346, 0.08596845079846288], "rotation": [[0.9985772690067959, 0.012674562372131564, 0.05179568796342044], [-0.01131941690679866, 0.9995880721650474, -0.026373410591997687], [-0.052108623315331906, 0.025749591337319543, 0.9983093958899424]], "fy": 134.0478558368734, "fx": 134.0478558368734}, {"id": 31, "img_name": "00028.png", "width": 229, "height": 229, "position": [0.013441234591707572, 0.028632142843475036, -1.414731109166476], "rotation": [[0.9977570061039236, 0.011761367137240816, 0.0658986116211706], [-0.009791253934670582, 0.9994977372972449, -0.030139749237085775], [-0.06621999786259168, 0.029426915923192604, 0.9973710285056048]], "fy": 150.62607263481297, "fx": 150.62607263481297}, {"id": 32, "img_name": "00029.png", "width": 228, "height": 228, "position": [-0.020311147887858726, 0.039864124924176896, -1.6435717902518572], "rotation": [[0.9975599879133887, 0.011401093117420194, 0.0688773227555163], [-0.009308381338795127, 0.9994875055204889, -0.03062809731736404], [-0.06919121729736526, 0.029912228003916144, 0.9971548696490181]], "fy": 153.3890684312063, "fx": 153.3890684312063}, {"id": 33, "img_name": "00030.png", "width": 228, "height": 228, "position": [-0.020311147887859173, 0.03986412492417647, -1.6435717902518532], "rotation": [[0.9975599879133887, 0.011401093117420205, 0.06887732275551633], [-0.009308381338795139, 0.9994875055204889, -0.03062809731736402], [-0.0691912172973653, 0.02991222800391613, 0.9971548696490181]], "fy": 153.3890684312063, "fx": 153.3890684312063}, {"id": 34, "img_name": "00031.png", "width": 226, "height": 226, "position": [-0.0694679340250224, 0.06804987513030765, -1.7212615098266515], "rotation": [[0.9971791025226341, 0.011300606333303154, 0.07420332734219898], [-0.00887313930393401, 0.9994172077084638, -0.03296228655768396], [-0.07453257603925148, 0.03221088686636244, 0.9966982260826169]], "fy": 155.18614266819495, "fx": 155.18614266819495}, {"id": 35, "img_name": "00033.png", "width": 226, "height": 226, "position": [-0.11216994645541849, 0.13090105161888635, -1.8133723593433406], "rotation": [[0.9969361360973428, 0.011484329242102164, 0.07737215729937497], [-0.008656877856607266, 0.9992858778205548, -0.03678033243703571], [-0.07773930157311686, 0.03599784118891126, 0.9963236203265794]], "fy": 156.83682804507959, "fx": 156.83682804507959}, {"id": 36, "img_name": "00034.png", "width": 225, "height": 225, "position": [-0.1610903937150345, 0.28630711455995694, -2.370746461069508], "rotation": [[0.9966823152822116, 0.010722742630616072, 0.08068076099150082], [-0.007092562646633302, 0.9989551688074746, -0.04514716234641473], [-0.08108056461812346, 0.044425144944136255, 0.9957170022340177]], "fy": 163.90883922330752, "fx": 163.90883922330752}, {"id": 37, "img_name": "00035.png", "width": 225, "height": 225, "position": [-0.16109039371503436, 0.2863071145599566, -2.37074646106951], "rotation": [[0.9966823152822116, 0.010722742630616079, 0.08068076099150079], [-0.007092562646633313, 0.9989551688074746, -0.045147162346414714], [-0.08108056461812344, 0.04442514494413624, 0.9957170022340177]], "fy": 163.90883922330755, "fx": 163.90883922330755}, {"id": 38, "img_name": "00036.png", "width": 223, "height": 223, "position": [-0.19199635706406024, 0.28312898756518695, -2.296596017203614], "rotation": [[0.99645456108835, 0.010343975948413077, 0.08349437015633171], [-0.006578723900238107, 0.998954227859125, -0.045245674204545915], [-0.08387507423584387, 0.04453597202215449, 0.9954805468305112]], "fy": 163.21927674633264, "fx": 163.21927674633264}, {"id": 39, "img_name": "00037.png", "width": 223, "height": 223, "position": [-0.3964737174398971, 0.37995949949507424, -3.2531899222144047], "rotation": [[0.99561017500475, 0.009620880281867337, 0.09310111755297444], [-0.005177762384230334, 0.9988412102289842, -0.04784796260020453], [-0.09345357245019176, 0.04715586295361478, 0.994506286750062]], "fy": 174.97068231432266, "fx": 174.97068231432266}, {"id": 40, "img_name": "00038.png", "width": 223, "height": 223, "position": [-0.3931094541344531, 0.38272328102946973, -3.2605308729706697], "rotation": [[0.9956315683685832, 0.009558370122778735, 0.09287851004678707], [-0.005103909824421996, 0.9988304589600498, -0.048079770778994065], [-0.0932294490620819, 0.04739569404758637, 0.9945159214478811]], "fy": 175.03007552231986, "fx": 175.03007552231986}, {"id": 41, "img_name": "00039.png", "width": 220, "height": 220, "position": [-0.5072689618260803, 0.39426205197590164, -3.6295446562610296], "rotation": [[0.9949074923028889, 0.009941029994605763, 0.10030083589992231], [-0.0051727710839687205, 0.9988488804416608, -0.04768811675620761], [-0.10065944664505988, 0.04692643139092489, 0.9938136575022619]], "fy": 179.8549352252956, "fx": 179.8549352252956}, {"id": 42, "img_name": "00041.png", "width": 221, "height": 221, "position": [-0.7475304402107384, 0.5209861479006798, -4.485363176883793], "rotation": [[0.993925959218816, 0.00905598747347678, 0.1096776033738739], [-0.003315462238462642, 0.9986201647845061, -0.05240967654843303], [-0.11000088772869923, 0.05172770608335803, 0.9925845299631926]], "fy": 190.13363621788469, "fx": 190.13363621788469}, {"id": 43, "img_name": "00042.png", "width": 220, "height": 220, "position": [-1.2897312633111593, 0.8360067332203146, -6.325600202339111], "rotation": [[0.9916789147309559, 0.009388861787572924, 0.12839306582665228], [-0.001296319947354091, 0.9980146877416513, -0.06296826666288444], [-0.12872936585188055, 0.062277863854405625, 0.9897222933940131]], "fy": 212.61197053298437, "fx": 212.61197053298437}, {"id": 44, "img_name": "00043.png", "width": 220, "height": 220, "position": [-1.27909445115226, 0.8382952286638204, -6.308126210285707], "rotation": [[0.9917329814990151, 0.009055822201782165, 0.12799877144458832], [-0.000964243392420563, 0.9980043936755768, -0.0631371557715771], [-0.12831509514376874, 0.062491777767110505, 0.9897626049057177]], "fy": 212.36117566127513, "fx": 212.36117566127513}, {"id": 45, "img_name": "00044.png", "width": 218, "height": 218, "position": [-1.2629100859573616, 0.855418609619602, -6.0457780689373175], "rotation": [[0.9915043573608375, 0.009056552247883088, 0.12975780591491906], [-0.0006420049171478912, 0.9979017202109455, -0.06474368409136075], [-0.1300718922909896, 0.06411033973874203, 0.9894297181581034]], "fy": 209.95346365343062, "fx": 209.95346365343062}, {"id": 46, "img_name": "00045.png", "width": 219, "height": 219, "position": [-1.3994303763089608, 0.9636378317214307, -6.263832485548138], "rotation": [[0.990591665057021, 0.007508059864126422, 0.13664472970676783], [0.0020440255035164305, 0.9975707699590193, -0.06963031583376987], [-0.1368355768040604, 0.06925451581266208, 0.988169943360075]], "fy": 215.13028050768125, "fx": 215.13028050768125}, {"id": 47, "img_name": "00046.png", "width": 218, "height": 218, "position": [-1.321418712322631, 0.9129819212115033, -5.95849553526267], "rotation": [[0.9908628298307044, 0.007866426191244901, 0.13464387026101926], [0.0013467241742066273, 0.9976708563780544, -0.0681985972574073], [-0.13486674458103856, 0.06775678322394837, 0.988544374084065]], "fy": 211.3851926485194, "fx": 211.3851926485194}, {"id": 48, "img_name": "00047.png", "width": 218, "height": 218, "position": [-1.2483973787244649, 0.999346743200247, -5.925190665513734], "rotation": [[0.9911694307351804, 0.0073820167667777775, 0.13239586626686528], [0.002297971937518882, 0.9973429952168413, -0.07281256221885322], [-0.13258159337205536, 0.07247382783015542, 0.9885189251494239]], "fy": 211.83310802966056, "fx": 211.83310802966056}, {"id": 49, "img_name": "00049.png", "width": 216, "height": 216, "position": [-1.4439967151411632, 1.1859196187199301, -6.367256145223776], "rotation": [[0.9899038225858362, 0.006505615174857495, 0.14159130976562692], [0.0050409685277663895, 0.9966983033071292, -0.08103752723887811], [-0.14165101717337272, 0.08093311532300303, 0.9866026658071942]], "fy": 217.92872167659053, "fx": 217.92872167659053}]