[{"id": 0, "img_name": "00000.png", "width": 256, "height": 256, "position": [0.0, 0.0, 0.0], "rotation": [[0.9999610832898876, -0.00167772665744316, -0.008661244324611118], [0.001715172706633173, 0.9999892073897129, 0.004317787701889574], [0.008653906780993445, -0.004332475194974904, 0.9999531686900577]], "fy": 459.08642578125, "fx": 459.08642578125}, {"id": 1, "img_name": "00240.png", "width": 256, "height": 256, "position": [0.02541476665754342, -0.008795537435509943, 0.27381708163297075], "rotation": [[0.9565776085243282, -0.016800103991065803, 0.29099317529694224], [0.017781682217348264, 0.9998416276600706, -0.0007289368519620283], [-0.2909348438070435, 0.005871633273824468, 0.956724847226241]], "fy": 459.08642578125, "fx": 459.08642578125}, {"id": 2, "img_name": "00030.png", "width": 256, "height": 256, "position": [0.003441763111316067, -0.00586447974213656, 0.06105664423716423], "rotation": [[0.9998412220488546, -0.003056943096541463, 0.017555222633791924], [0.0027220585801207425, 0.999814476480423, 0.019068378977069967], [-0.017610256667745752, -0.01901756500268318, 0.9996640491631668]], "fy": 459.08642578125, "fx": 459.08642578125}, {"id": 3, "img_name": "00060.png", "width": 256, "height": 256, "position": [0.002248818031094344, -0.003037955762445958, 0.10055058785033931], "rotation": [[0.9984995456056828, -0.005697004136673985, 0.054462846384304826], [0.0051564955029648465, 0.9999361041187041, 0.010059733440625085], [-0.054516676774557425, -0.00976380185354285, 0.998465122172794]], "fy": 459.08642578125, "fx": 459.08642578125}, {"id": 4, "img_name": "00090.png", "width": 256, "height": 256, "position": [0.005635984166335541, -0.002900117423598497, 0.14123666519367534], "rotation": [[0.9973261715851138, -0.006913793897225619, 0.07275099111768156], [0.0065522277968653704, 0.9999649750367079, 0.005207399340870065], [-0.07278444590402733, -0.004716794562411533, 0.9973365410269587]], "fy": 459.08642578125, "fx": 459.08642578125}, {"id": 5, "img_name": "00120.png", "width": 256, "height": 256, "position": [0.0033250942818192518, 0.00038488756805692945, 0.14363385702924591], "rotation": [[0.9953242386176877, -0.005067391360430356, 0.09645716038934236], [0.006488322942693696, 0.999874927653254, -0.01442327200464832], [-0.09637200792225091, 0.014981677300255574, 0.9952326299430506]], "fy": 459.08642578125, "fx": 459.08642578125}, {"id": 6, "img_name": "00150.png", "width": 256, "height": 256, "position": [0.011024752994566003, -0.003560707504757048, 0.20318896227894265], "rotation": [[0.9955999425455633, -0.006369495735584911, 0.09348894947793797], [0.007206205130629979, 0.9999369245583882, -0.008614958427217947], [-0.09342817967845332, 0.009250752680824245, 0.9955830445336948]], "fy": 459.08642578125, "fx": 459.08642578125}, {"id": 7, "img_name": "00180.png", "width": 256, "height": 256, "position": [0.015802378090503003, -0.007010075068954143, 0.24661292873229185], "rotation": [[0.9950075754103055, -0.007028238755698294, 0.09955163560358975], [0.006864521891239361, 0.9999744647796346, 0.0019869889021177306], [-0.09956305856371485, -0.0012936945873520352, 0.9950304131742302]], "fy": 459.08642578125, "fx": 459.08642578125}, {"id": 8, "img_name": "00210.png", "width": 256, "height": 256, "position": [0.019640056740171725, -0.008939272579387633, 0.2755102824055548], "rotation": [[0.9861403421453826, -0.010952960864437242, 0.1655513808699302], [0.010370436035227875, 0.9999366210111963, 0.004382695957458229], [-0.16558889188613415, -0.0026051133791794323, 0.9861914285416652]], "fy": 459.08642578125, "fx": 459.08642578125}, {"id": 9, "img_name": "00270.png", "width": 256, "height": 256, "position": [0.04931190296938438, -0.01008038154224193, 0.33167726728230146], "rotation": [[0.8795879995311328, -0.02084854986554019, 0.4752791782775161], [0.0145785584147883, 0.9997513224891412, 0.01687479874866167], [-0.47551280210967334, -0.007913985517128047, 0.879673207567462]], "fy": 459.08642578125, "fx": 459.08642578125}]