[{"id": 0, "img_name": "000000.png", "width": 1948, "height": 1287, "position": [1.9469441809813572, -0.1358392158307067, -4.428505033387317], "rotation": [[0.9904285520192697, -0.02091512286820104, -0.13643255102951313], [0.027272140424521505, 0.9986194744799025, 0.04489293425638998], [0.13530526117515843, -0.048184051561605185, 0.9896316402952315]], "fy": 2630.496947058855, "fx": 2630.496947058855}, {"id": 1, "img_name": "000008.png", "width": 1942, "height": 1285, "position": [1.7950622060778578, -0.1008565225985567, -3.5474765671094834], "rotation": [[0.9885850168366608, -0.022040217943014157, -0.14904325975730537], [0.028325781279121234, 0.9987907920213255, 0.04018213394458686], [0.1479774124688851, -0.04394522233915505, 0.9880139183395017]], "fy": 2557.685318782173, "fx": 2557.685318782173}, {"id": 2, "img_name": "000016.png", "width": 1939, "height": 1285, "position": [1.4097591724884788, -0.04242484680036287, -1.9609295606674106], "rotation": [[0.9775956127977229, -0.020340284498660717, -0.20950677952075442], [0.02969288482454807, 0.9986933413092717, 0.04159257884909823], [0.2083870207797035, -0.046881583282093534, 0.9769221907191605]], "fy": 2425.320868203098, "fx": 2425.3208682030986}, {"id": 3, "img_name": "000024.png", "width": 1945, "height": 1286, "position": [0.655207868641832, 0.015172916753877259, -0.08652867728902719], "rotation": [[0.935335506192916, -0.016443184023637925, -0.35337955876650023], [0.03379286589187237, 0.9985041616501413, 0.042982338025778534], [0.3521441935765171, -0.052144614933021964, 0.9344920577853143]], "fy": 2273.474899423008, "fx": 2273.474899423008}, {"id": 4, "img_name": "000032.png", "width": 1959, "height": 1290, "position": [-0.6439905215751635, 0.053246365430881834, 1.783083838383183], "rotation": [[0.8261909062301733, -0.012632258278846157, -0.5632486240669757], [0.03531734052543725, 0.9989435816113018, 0.029400785972398362], [0.562282199541098, -0.04418310546307254, 0.8257642407314958]], "fy": 2122.4054506555385, "fx": 2122.4054506555385}, {"id": 5, "img_name": "000040.png", "width": 1968, "height": 1292, "position": [-2.5198742649036996, 0.0684649613984003, 3.315455475459108], "rotation": [[0.6258725078104012, 0.0065968306197971005, -0.7798974841560224], [0.02131747170506383, 0.9994459391306956, 0.02556130190865788], [0.7796339970570956, -0.03262355867981697, 0.6253851085945694]], "fy": 1989.2242659198807, "fx": 1989.2242659198812}, {"id": 6, "img_name": "000048.png", "width": 1997, "height": 1300, "position": [-4.885137186331127, 0.0846268572414712, 4.27067573854086], "rotation": [[0.3569053073913587, 0.01820195072869415, -0.9339632169125025], [0.007099897942724914, 0.999728409788986, 0.022196804048967764], [0.9341135867789757, -0.014553200694540414, 0.35667914341108]], "fy": 1858.0366238171257, "fx": 1858.0366238171255}, {"id": 7, "img_name": "000001.png", "width": 1948, "height": 1287, "position": [1.9385869106991098, -0.13370785438797533, -4.372028742279661], "rotation": [[0.9904138891174559, -0.02109164635285146, -0.13651179691646503], [0.02736220617208854, 0.9986469546201581, 0.04422182381223402], [0.13539437919142752, -0.04753317243789221, 0.9896509281566696]], "fy": 2625.61286156659, "fx": 2625.61286156659}, {"id": 8, "img_name": "000002.png", "width": 1947, "height": 1287, "position": [1.9280383259410463, -0.13134326756648, -4.3017488555399], "rotation": [[0.9903717842963863, -0.02135400979020568, -0.1367762228440019], [0.027563217235926137, 0.9986659359934618, 0.043664829576083614], [0.1356613354099001, -0.047014407921222204, 0.9896391501565707]], "fy": 2619.688072301292, "fx": 2619.688072301292}, {"id": 9, "img_name": "000003.png", "width": 1947, "height": 1287, "position": [1.9138128307072686, -0.12864582750184622, -4.215318731810143], "rotation": [[0.9903106917105933, -0.021370457077742083, -0.13721529596941712], [0.027487269031331096, 0.9987037906561222, 0.042839100951018116], [0.1361219450525358, -0.04619569345058777, 0.9896144572416743]], "fy": 2612.2244353668875, "fx": 2612.2244353668875}, {"id": 10, "img_name": "000004.png", "width": 1946, "height": 1286, "position": [1.8982659306161638, -0.12470531557519124, -4.113219392942581], "rotation": [[0.9901674575155648, -0.022054592026060135, -0.13813761633865726], [0.028062531553820987, 0.9987361396847216, 0.04169673381034455], [0.13704342523431334, -0.04516324012096534, 0.989534931845169]], "fy": 2603.7609138297476, "fx": 2603.7609138297476}, {"id": 11, "img_name": "000005.png", "width": 1945, "height": 1286, "position": [1.8794130188942908, -0.11916951252789608, -3.9938368535357665], "rotation": [[0.9899322217815382, -0.022776940907050992, -0.13969755631930086], [0.028738726287997493, 0.9987536016476163, 0.040808440392375814], [0.13859394607994643, -0.044412319899226546, 0.9893529521617438]], "fy": 2594.3148924831717, "fx": 2594.3148924831717}, {"id": 12, "img_name": "000006.png", "width": 1945, "height": 1286, "position": [1.8558959058454956, -0.113389168043686, -3.8584330614056204], "rotation": [[0.9895967582782335, -0.02301904397503492, -0.14201542035880124], [0.029020841218010775, 0.9987646389337398, 0.040335924317602946], [0.14091148562204078, -0.04403770691159786, 0.9890422809919491]], "fy": 2583.495675554107, "fx": 2583.495675554107}, {"id": 13, "img_name": "000007.png", "width": 1944, "height": 1286, "position": [1.8273279840751986, -0.1072208412214689, -3.707569456555945], "rotation": [[0.9891445382039399, -0.022839313013005035, -0.145160078266748], [0.028943582282908338, 0.9987771876702376, 0.04007990062566956], [0.14406717733733435, -0.04384626746514476, 0.988596051602184]], "fy": 2571.0849677330716, "fx": 2571.0849677330716}, {"id": 14, "img_name": "000009.png", "width": 1942, "height": 1285, "position": [1.7576685039705644, -0.09377058667538503, -3.376980458020738], "rotation": [[0.9879271711522735, -0.02035241803914657, -0.15357631190722873], [0.026852097436780683, 0.998824039101502, 0.04036711255721663], [0.15257414381969253, -0.04400361340755077, 0.9873119125406957]], "fy": 2543.443344635095, "fx": 2543.4433446350954}, {"id": 15, "img_name": "000010.png", "width": 1941, "height": 1285, "position": [1.7175131297830653, -0.08622471360566496, -3.197695391953668], "rotation": [[0.9871334544219353, -0.019118982767579507, -0.15875140206924174], [0.025835958497873377, 0.9988513020911365, 0.04035566328704553], [0.15779748543469638, -0.04393791994136987, 0.9864934935323763]], "fy": 2528.00560053106, "fx": 2528.00560053106}, {"id": 16, "img_name": "000011.png", "width": 1941, "height": 1285, "position": [1.6769584094664256, -0.0799317220432885, -3.0115549898517004], "rotation": [[0.9861848502655904, -0.019004624343226587, -0.16455474882302187], [0.026029438613280692, 0.9988347867749127, 0.04063910744334572], [0.16359067648283762, -0.04436093982195581, 0.9855304143383907]], "fy": 2511.8559114077307, "fx": 2511.8559114077307}, {"id": 17, "img_name": "000012.png", "width": 1940, "height": 1285, "position": [1.6328331289377749, -0.07390244539558853, -2.81519297716658], "rotation": [[0.9851542752893243, -0.018837371952371965, -0.17063471890882534], [0.026220055722363633, 0.9988102785518598, 0.04111612988928691], [0.16965719129197557, -0.04497978298174144, 0.9844761330605398]], "fy": 2494.566955089583, "fx": 2494.566955089583}, {"id": 18, "img_name": "000013.png", "width": 1940, "height": 1285, "position": [1.5836543677362072, -0.0656077045752175, -2.6102870470042463], "rotation": [[0.9838845726930479, -0.019028037599765745, -0.1777894299493663], [0.026751164587353597, 0.9987950518998127, 0.04114388768299351], [0.1767923154716829, -0.045236910654380104, 0.9832080650119834]], "fy": 2478.5947217271705, "fx": 2478.5947217271705}, {"id": 19, "img_name": "000014.png", "width": 1939, "height": 1285, "position": [1.5314730053322645, -0.056567355903571294, -2.40227437443457], "rotation": [[0.9821623509168991, -0.01973577234271415, -0.18699629871049997], [0.027799656761585207, 0.9987887063249788, 0.04059925124449181], [0.18596853369677363, -0.04507348896759468, 0.9815213115704415]], "fy": 2462.886345537851, "fx": 2462.886345537851}, {"id": 20, "img_name": "000015.png", "width": 1940, "height": 1285, "position": [1.4736575581403226, -0.048261803433698104, -2.1812608825558044], "rotation": [[0.9799903971708431, -0.020828756476485584, -0.1979519748741503], [0.029441010783014896, 0.9987390593531358, 0.04066347509114059], [0.19685539956274342, -0.04567772133170251, 0.9793679070895349]], "fy": 2444.3513869021617, "fx": 2444.351386902162}, {"id": 21, "img_name": "000017.png", "width": 1939, "height": 1285, "position": [1.3363854237367736, -0.036167928614141615, -1.7362044227123419], "rotation": [[0.9749685486573827, -0.017962766415408882, -0.22161603766790516], [0.027989709728604758, 0.9987175866520427, 0.042187181242983124], [0.22057403582068616, -0.047334143433945416, 0.9742210085946358]], "fy": 2406.5024657482104, "fx": 2406.5024657482104}, {"id": 22, "img_name": "000018.png", "width": 1940, "height": 1285, "position": [1.2587705839428867, -0.026357123844975513, -1.5004749208219677], "rotation": [[0.9716972257261538, -0.017786639843410553, -0.2355592005402823], [0.028550936135915254, 0.9986941752861609, 0.04236494181818221], [0.23449807155253755, -0.04789133212363043, 0.9709361846926733]], "fy": 2387.813875721705, "fx": 2387.8138757217052}, {"id": 23, "img_name": "000019.png", "width": 1941, "height": 1285, "position": [1.1797177393422802, -0.01725892287053677, -1.2639223160182491], "rotation": [[0.9676000562058, -0.019506846130548334, -0.25173322026417505], [0.03136770571331883, 0.998574329159426, 0.043190000950276385], [0.25053183084952524, -0.049686940918528696, 0.9668324620291477]], "fy": 2369.1460134955305, "fx": 2369.1460134955305}, {"id": 24, "img_name": "000020.png", "width": 1943, "height": 1286, "position": [1.0925475573454322, -0.00990610324410344, -1.0255379449310682], "rotation": [[0.9629368662178668, -0.01980794937774556, -0.2689985814460049], [0.032821660867149646, 0.9984936839157037, 0.0439670531008051], [0.2677224873940105, -0.05116647654368891, 0.9621365087250706]], "fy": 2349.802990786076, "fx": 2349.802990786076}, {"id": 25, "img_name": "000021.png", "width": 1944, "height": 1286, "position": [0.9961349266447284, -0.002670150456871877, -0.7849326011558541], "rotation": [[0.9574974263563053, -0.020647589758663612, -0.2877018518505046], [0.034880548410432824, 0.9984032596185544, 0.04443285412431764], [0.28632503534207276, -0.05257954184094199, 0.9566887508046477]], "fy": 2331.296979976713, "fx": 2331.296979976713}, {"id": 26, "img_name": "000022.png", "width": 1943, "height": 1286, "position": [0.8930889513624555, 0.0035365466871701045, -0.5516623541515272], "rotation": [[0.9509671673119474, -0.02027049833848346, -0.3086268841040915], [0.035940471217491984, 0.9983324642357634, 0.04517270615772953], [0.30719656447192806, -0.054049956059718345, 0.9501099268119384]], "fy": 2313.3040513525166, "fx": 2313.3040513525166}, {"id": 27, "img_name": "000023.png", "width": 1944, "height": 1286, "position": [0.7773740440569721, 0.009642007479902676, -0.3193541463484287], "rotation": [[0.9435133504925116, -0.017646422799445255, -0.3308642640189148], [0.034458570983887236, 0.9983918048432399, 0.04501567402146213], [0.3295378040955897, -0.05387399914839583, 0.9426040674045573]], "fy": 2293.8310614118227, "fx": 2293.831061411823}, {"id": 28, "img_name": "000025.png", "width": 1945, "height": 1286, "position": [0.5265062068823559, 0.021173992610427548, 0.15029428164011766], "rotation": [[0.9261559638638835, -0.01638156278897109, -0.3767847860516024], [0.03430683071561958, 0.9985735791419603, 0.0409126924787959], [0.3755771185330791, -0.05081782600825913, 0.925396875180689]], "fy": 2254.2374159487877, "fx": 2254.237415948788}, {"id": 29, "img_name": "000026.png", "width": 1946, "height": 1287, "position": [0.3884626939416734, 0.0265824593654636, 0.38942068823508474], "rotation": [[0.915529136879276, -0.016184835834572284, -0.40192592677519084], [0.03511857513076807, 0.9985909840164777, 0.03978356848986035], [0.40071571619525065, -0.050538081977957526, 0.9148075300652682]], "fy": 2235.9329769916926, "fx": 2235.9329769916926}, {"id": 30, "img_name": "000027.png", "width": 1950, "height": 1288, "position": [0.2395775324965989, 0.030565771271265762, 0.6324997131020098], "rotation": [[0.9037343252757354, -0.015551864317095638, -0.42781118362505893], [0.0354534017413951, 0.9986259244231552, 0.03859170085603883], [0.4266231658306596, -0.05004400649689625, 0.9030438925048794]], "fy": 2216.0931822718903, "fx": 2216.0931822718903}, {"id": 31, "img_name": "000028.png", "width": 1953, "height": 1288, "position": [0.08032762906998371, 0.034074904156311016, 0.8686716565128705], "rotation": [[0.8908987731616123, -0.014490300054348962, -0.4539707118124132], [0.035123090964081616, 0.9986959746337338, 0.03705021904800955], [0.45284185369758295, -0.04895284930125698, 0.8902459626895398]], "fy": 2196.9313235176364, "fx": 2196.9313235176364}, {"id": 32, "img_name": "000029.png", "width": 1953, "height": 1289, "position": [-0.08945692961581192, 0.03895632903543639, 1.1012402530588339], "rotation": [[0.8768500684020991, -0.012850453756566318, -0.4805921590928055], [0.03362625878936865, 0.9988338479535227, 0.03464417558824441], [0.47958652218662745, -0.04653826404808255, 0.8762596405839574]], "fy": 2177.5628325719185, "fx": 2177.5628325719185}, {"id": 33, "img_name": "000030.png", "width": 1954, "height": 1289, "position": [-0.2689385304966702, 0.04365429407459456, 1.3356254556705112], "rotation": [[0.8613532220551214, -0.010832341291072137, -0.5078910190556775], [0.03203729405255671, 0.9989408248730263, 0.03302786992508022], [0.5069953043619346, -0.04472011610172471, 0.8607879370500016]], "fy": 2156.738896906706, "fx": 2156.738896906706}, {"id": 34, "img_name": "000031.png", "width": 1956, "height": 1289, "position": [-0.453245563485188, 0.04939913932254229, 1.5619391143433303], "rotation": [[0.8445201307812492, -0.010817071348172376, -0.5354145493658822], [0.03297794629125062, 0.9989489465957785, 0.03183484181829361], [0.534507440325795, -0.044542037028327916, 0.8439892198208065]], "fy": 2138.910155083618, "fx": 2138.910155083618}, {"id": 35, "img_name": "000033.png", "width": 1960, "height": 1290, "position": [-0.8416832493352244, 0.054974347845952044, 2.002613959194446], "rotation": [[0.8064263373869391, -0.014572073028039244, -0.5911549856478855], [0.03784454318093029, 0.9989187497590245, 0.027002257892520278], [0.5901223203032679, -0.044147322314416336, 0.8061058621622562]], "fy": 2104.83985347318, "fx": 2104.83985347318}, {"id": 36, "img_name": "000034.png", "width": 1963, "height": 1291, "position": [-1.0515901755604646, 0.057324950847165, 2.2137304888924887], "rotation": [[0.7856100551923572, -0.013255838967669402, -0.6185799252432337], [0.037174785802292346, 0.9989755367121768, 0.025805277583698664], [0.6176041422150723, -0.043268461769298834, 0.7852980095065206]], "fy": 2088.7209520275537, "fx": 2088.7209520275537}, {"id": 37, "img_name": "000035.png", "width": 1962, "height": 1291, "position": [-1.2757393757603435, 0.05963405928638939, 2.4127234425480593], "rotation": [[0.7632237197855513, -0.008728412866591909, -0.646075358116634], [0.033018972816409, 0.9991291670441229, 0.025507939859311882], [0.6452900905723377, -0.040801009430494986, 0.7628472826448272]], "fy": 2072.2260638492153, "fx": 2072.2260638492153}, {"id": 38, "img_name": "000036.png", "width": 1963, "height": 1291, "position": [-1.5130756807328793, 0.060745706453586776, 2.6053831739387885], "rotation": [[0.7393354093162714, -0.0030770378025801936, -0.6733302936668621], [0.02696851884968299, 0.9993224839016138, 0.025045401968493523], [0.6727970359047338, -0.03667567323268406, 0.7389174808263326]], "fy": 2054.2539004043797, "fx": 2054.2539004043797}, {"id": 39, "img_name": "000037.png", "width": 1963, "height": 1291, "position": [-1.7545974594307447, 0.062245169343829225, 2.7967885821243352], "rotation": [[0.713563977845094, -0.001412706168210163, -0.7005886480547401], [0.0253932507055255, 0.9993930360910347, 0.0238483171597079], [0.7001297253655873, -0.03480752323889177, 0.7131667434657069]], "fy": 2036.150938061435, "fx": 2036.1509380614352}, {"id": 40, "img_name": "000038.png", "width": 1964, "height": 1291, "position": [-2.0068256344405397, 0.06641891236840186, 2.9807052326155246], "rotation": [[0.6859396905607317, 0.002649705571075877, -0.7276535714018276], [0.021873483401128508, 0.9994663823110707, 0.024259046846923447], [0.727329561916294, -0.03255656140330671, 0.6855157027174829]], "fy": 2019.374676177618, "fx": 2019.374676177618}, {"id": 41, "img_name": "000039.png", "width": 1965, "height": 1292, "position": [-2.265055412946596, 0.06798123239362124, 3.1540898054525033], "rotation": [[0.6566508361893786, 0.005377455775375195, -0.7541755513812242], [0.020941304893811113, 0.9994590271430587, 0.025359708428828884], [0.7539039335891107, -0.03244589391024164, 0.6561829949695672]], "fy": 2002.2714659578426, "fx": 2002.2714659578426}, {"id": 42, "img_name": "000041.png", "width": 1970, "height": 1293, "position": [-2.7856359336279297, 0.06686870785568687, 3.4706266561145025], "rotation": [[0.5944495399272122, 0.007384619730923444, -0.8040990062621364], [0.023119919251025235, 0.9993874892914569, 0.026270051038092747], [0.8038004813473004, -0.03420692384806884, 0.5939147014064399]], "fy": 1973.5206445768483, "fx": 1973.5206445768483}, {"id": 43, "img_name": "000042.png", "width": 1971, "height": 1293, "position": [-3.0650308544540206, 0.07278557433401074, 3.6217527386082637], "rotation": [[0.5621946141577636, 0.0057899992733006925, -0.8269846986011402], [0.02570392499341483, 0.9993700461795442, 0.02447077928936553], [0.8266054222250999, -0.03501409298427011, 0.5616916318057023]], "fy": 1955.8731633421758, "fx": 1955.8731633421755}, {"id": 44, "img_name": "000043.png", "width": 1977, "height": 1295, "position": [-3.345145600041803, 0.08043426680924257, 3.759105878182859], "rotation": [[0.5285322089140727, 0.005648181857270614, -0.8488944588004552], [0.02675949528765394, 0.9993700841593878, 0.023310175872533208], [0.8484913868463021, -0.035036166014071835, 0.5280481356076104]], "fy": 1943.296078294624, "fx": 1943.2960782946243}, {"id": 45, "img_name": "000044.png", "width": 1981, "height": 1296, "position": [-3.6421169905253183, 0.08622065191804565, 3.8877550967671755], "rotation": [[0.4937040115186881, 0.007072877481889655, -0.8696012439126805], [0.027889009143372678, 0.9993237945563365, 0.02396156928346207], [0.8691826920615457, -0.0360822399200972, 0.4931729106337782]], "fy": 1927.3935917079698, "fx": 1927.3935917079698}, {"id": 46, "img_name": "000045.png", "width": 1985, "height": 1297, "position": [-3.9415813018956882, 0.085116973722667, 4.001822865788584], "rotation": [[0.45800060943754933, 0.010503735759305955, -0.8888898206695427], [0.025648581421368645, 0.9993577551842263, 0.025024536443570385], [0.888581786908726, -0.03426001588211595, 0.4574370549986658]], "fy": 1912.3632029379082, "fx": 1912.363202937908}, {"id": 47, "img_name": "000046.png", "width": 1988, "height": 1298, "position": [-4.257376129648615, 0.07961040974530674, 4.103722501072343], "rotation": [[0.4235206385608746, 0.015149713946155647, -0.9057597666491589], [0.0189917333315325, 0.9994919056794114, 0.025597744947607384], [0.9056873537695295, -0.028043121236561008, 0.42301773080245525]], "fy": 1892.3847921873398, "fx": 1892.3847921873398}, {"id": 48, "img_name": "000047.png", "width": 1992, "height": 1299, "position": [-4.57149427522921, 0.0808997425607392, 4.189525494059279], "rotation": [[0.3907138213558856, 0.01688072710062936, -0.9203574038676686], [0.012003768693912129, 0.9996533883077866, 0.023431021785330724], [0.9204339299149202, -0.020202581451776537, 0.3903757630335934]], "fy": 1874.4926444709497, "fx": 1874.4926444709497}, {"id": 49, "img_name": "000049.png", "width": 2005, "height": 1302, "position": [-5.198618493022624, 0.08704811451918476, 4.3530841193759615], "rotation": [[0.3252492390033706, 0.019677482002400465, -0.9454235713317992], [0.006908723695400939, 0.9997073410477065, 0.023184084890829442], [0.9456030890731211, -0.014072276197182399, 0.3250181056156739]], "fy": 1839.6445292171175, "fx": 1839.6445292171175}]