[{"id": 0, "img_name": "frame_00001.png", "width": 257, "height": 257, "position": [-5.16786621611113, -0.1401153314777546, -0.3221963704464018], "rotation": [[0.9479923570038499, 0.014266040804894714, 0.31797322393880667], [0.004991887423447394, 0.9982058165669827, -0.0596676531446901], [-0.31825394282276703, 0.058151765679096086, 0.9462202703526102]], "fy": 208.61797411085217, "fx": 208.61797411085217}, {"id": 1, "img_name": "frame_00009.png", "width": 258, "height": 258, "position": [-4.125642768607708, -0.09928005804336355, -0.027222648417793333], "rotation": [[0.9523214081474326, 0.011354511837277254, 0.30488524176323833], [-0.0015941030230208894, 0.9994787795607186, -0.03224326353470476], [-0.3050924358610734, 0.03021993164706957, 0.9518431390263856]], "fy": 209.03980593975584, "fx": 209.03980593975584}, {"id": 2, "img_name": "frame_00017.png", "width": 257, "height": 257, "position": [-2.109472054759324, -0.03358675724155245, -0.01537925613160472], "rotation": [[0.9665675923844349, 0.024412203387681772, 0.2552472011167116], [-0.021376401269108627, 0.9996639909553234, -0.014661332001466148], [-0.2555193511672621, 0.008714901779918302, 0.9667646619865807]], "fy": 208.15596808699814, "fx": 208.15596808699814}, {"id": 3, "img_name": "frame_00025.png", "width": 255, "height": 255, "position": [-0.11508171311582897, -0.034585569829481334, -0.022923507259761132], "rotation": [[0.9789592629450795, 0.004634620711365, 0.2040031416054378], [-0.000752451673776394, 0.999817230214044, -0.019103402408895957], [-0.20405439301937406, 0.018547950236599393, 0.9787838260982428]], "fy": 205.708134655002, "fx": 205.708134655002}, {"id": 4, "img_name": "frame_00033.png", "width": 258, "height": 258, "position": [1.7673882849192863, 0.07702796893101979, 0.0013562658181385894], "rotation": [[0.983940855857267, -0.003490443248217506, 0.17846066508001138], [0.009305029832507389, 0.9994523595487579, -0.031755273770451994], [-0.17825209281993065, 0.03290589306417897, 0.9834344887215232]], "fy": 209.05876759690676, "fx": 209.05876759690676}, {"id": 5, "img_name": "frame_00041.png", "width": 257, "height": 257, "position": [3.933413556158949, 0.10616270793054838, 0.1618504577284977], "rotation": [[0.990528975442243, -0.006231399578696676, 0.13716237993207542], [0.00989500446570772, 0.9996118144526216, -0.026044371625387742], [-0.1369468425921679, 0.027154927104087328, 0.9902061261363756]], "fy": 208.5551889135057, "fx": 208.5551889135057}, {"id": 6, "img_name": "frame_00049.png", "width": 256, "height": 256, "position": [5.922091867260824, 0.05062338005080372, 0.3995235443637104], "rotation": [[0.9994771874892595, 0.009722373437088962, 0.0308354851317297], [-0.00912552876871814, 0.999769421839901, -0.01943779510647467], [-0.03101735664512103, 0.019146242677344813, 0.9993354516768078]], "fy": 208.25017116686396, "fx": 208.25017116686396}, {"id": 7, "img_name": "frame_00002.png", "width": 258, "height": 258, "position": [-5.082910409809439, -0.11447994012804748, -0.4303317755731765], "rotation": [[0.9488144379029682, 0.010943516123753967, 0.3156444231753883], [0.006926793090389949, 0.9984381094859198, -0.05543790277116645], [-0.3157581067278517, 0.0547866861658151, 0.9472566901609145]], "fy": 209.68874121371974, "fx": 209.68874121371974}, {"id": 8, "img_name": "frame_00003.png", "width": 258, "height": 258, "position": [-5.000676284412241, -0.11273544216981893, -0.39015890754065574], "rotation": [[0.9489938421321065, 0.00912830806364478, 0.31516243682780115], [0.0075750977492429275, 0.998632181627687, -0.051733777279606465], [-0.31520359371274936, 0.05148242233444061, 0.947626643093759]], "fy": 209.12822648430438, "fx": 209.12822648430438}, {"id": 9, "img_name": "frame_00004.png", "width": 259, "height": 259, "position": [-4.935038092514339, -0.10962230321598358, -0.4096731334415846], "rotation": [[0.948686908449728, 0.006273167717932892, 0.3161547043820167], [0.009310424216418207, 0.9988156190047205, -0.047756415622691756], [-0.31607984076338697, 0.048249420711544595, 0.947504895852255]], "fy": 210.04832698183392, "fx": 210.04832698183392}, {"id": 10, "img_name": "frame_00005.png", "width": 258, "height": 258, "position": [-4.791224394475383, -0.11385241420940706, -0.27363172759460147], "rotation": [[0.9478550837954198, 0.004945139618832283, 0.31866327952452844], [0.00870194954516381, 0.9991052458696826, -0.04138820785917667], [-0.31858282470543026, 0.04200301500882103, 0.9469639541887948]], "fy": 208.71996746499337, "fx": 208.71996746499337}, {"id": 11, "img_name": "frame_00006.png", "width": 258, "height": 258, "position": [-4.6857250755377535, -0.11212524286069138, -0.2379823588576506], "rotation": [[0.9474799311929449, 0.004849488811044175, 0.31977845838155466], [0.007638937184802663, 0.9992566000240815, -0.03778748399932834], [-0.31972398506414684, 0.03824565029626786, 0.946738529694507]], "fy": 208.97993803458775, "fx": 208.97993803458775}, {"id": 12, "img_name": "frame_00007.png", "width": 258, "height": 258, "position": [-4.503892218331878, -0.08909021445150835, -0.18282839490513797], "rotation": [[0.9481432769567374, 0.006236199314491281, 0.3177820576745162], [0.0057591423114451675, 0.9993062887826396, -0.036793660857601614], [-0.3177910612990493, 0.03671581427093265, 0.947449624170513]], "fy": 209.4298884563436, "fx": 209.4298884563436}, {"id": 13, "img_name": "frame_00008.png", "width": 258, "height": 258, "position": [-4.328184947016703, -0.10141617247918709, -0.1241315406729907], "rotation": [[0.9495439608042102, 0.007599773231151884, 0.3135418790960586], [0.0034591344720103457, 0.999391804051491, -0.034699515607728444], [-0.31361489264535397, 0.03403329901055005, 0.9489401633767547]], "fy": 209.65777063193022, "fx": 209.65777063193022}, {"id": 14, "img_name": "frame_00010.png", "width": 257, "height": 257, "position": [-3.8749391514477622, -0.062070801070609104, -0.03722524832358577], "rotation": [[0.9558735003384033, 0.012869714947490334, 0.2934965447632706], [-0.003927787171587761, 0.9995105509322407, -0.03103596402664369], [-0.2937523171631891, 0.028513663607098165, 0.9554561984460399]], "fy": 208.69630251385078, "fx": 208.69630251385078}, {"id": 15, "img_name": "frame_00011.png", "width": 257, "height": 257, "position": [-3.5710874499413388, -0.04079527711465162, -0.10059786498175385], "rotation": [[0.9591759951555172, 0.014673409000156979, 0.2824289315663982], [-0.0066325104077561, 0.9995455565915587, -0.029405613473654463], [-0.28273206419349417, 0.026331945738685435, 0.9588374254848946]], "fy": 208.5364702590991, "fx": 208.5364702590991}, {"id": 16, "img_name": "frame_00012.png", "width": 257, "height": 257, "position": [-3.2565730977932144, -0.0844878664227532, -0.1319359098564095], "rotation": [[0.9620729430739418, 0.014622609121592226, 0.27240013125459633], [-0.007794416685844413, 0.9996281123746918, -0.026132049646709194], [-0.27268094776418034, 0.023017737783886844, 0.9618291347602965]], "fy": 208.3684952700603, "fx": 208.3684952700603}, {"id": 17, "img_name": "frame_00013.png", "width": 258, "height": 258, "position": [-2.9994248833586443, -0.057862508994871956, -0.12580205702874048], "rotation": [[0.9641981254535792, 0.015620896409384901, 0.2647224253197519], [-0.00941419745770113, 0.9996506136948368, -0.024698652306627857], [-0.2650157500188088, 0.02132224507183861, 0.9640083060363457]], "fy": 208.38074282128238, "fx": 208.38074282128238}, {"id": 18, "img_name": "frame_00014.png", "width": 257, "height": 257, "position": [-2.787814943063941, -0.08265876409300536, -0.20071926319760422], "rotation": [[0.9658038806222646, 0.01754271696414576, 0.2586795648219824], [-0.012644341539714905, 0.9997080890500812, -0.020587795289000257], [-0.2589652192901613, 0.016612939816619262, 0.9657437679988663]], "fy": 208.3538153946724, "fx": 208.3538153946724}, {"id": 19, "img_name": "frame_00015.png", "width": 257, "height": 257, "position": [-2.576781591862947, -0.02507389543747818, -0.1544275743643181], "rotation": [[0.9663332035790302, 0.020657039803355648, 0.2564633041338494], [-0.01618410654879183, 0.999678090582845, -0.019539444819515705], [-0.2567843732704662, 0.014730984868640872, 0.9663564475538484]], "fy": 208.11476237512525, "fx": 208.11476237512525}, {"id": 20, "img_name": "frame_00016.png", "width": 257, "height": 257, "position": [-2.3740580741748736, -0.03889368931040148, -0.1103830437226271], "rotation": [[0.9661416905987827, 0.02221587429509093, 0.257053863258716], [-0.018759020656644303, 0.9996977145008246, -0.015892726821773173], [-0.2573292304246246, 0.01053254722907208, 0.9662663880203728]], "fy": 208.19981073326537, "fx": 208.19981073326537}, {"id": 21, "img_name": "frame_00018.png", "width": 256, "height": 256, "position": [-1.8790287988523462, -0.01958286323978214, 0.10749460658241457], "rotation": [[0.9677273374555246, 0.025074405014060212, 0.2507490270258935], [-0.022167184476593004, 0.9996503909126061, -0.014412212899292084], [-0.25102274055077584, 0.008388692476464907, 0.9679448401458182]], "fy": 207.43155018856527, "fx": 207.43155018856527}, {"id": 22, "img_name": "frame_00019.png", "width": 256, "height": 256, "position": [-1.7152784606155738, -0.024206132516084694, 0.14281765789872355], "rotation": [[0.9691488074285859, 0.02511239091070439, 0.24519371297506262], [-0.022583670240096256, 0.9996588664420787, -0.013119778284129798], [-0.2454395381723083, 0.007177643519018233, 0.9693853282030205]], "fy": 207.52607968918582, "fx": 207.52607968918582}, {"id": 23, "img_name": "frame_00020.png", "width": 256, "height": 256, "position": [-1.5464083713429506, -0.012245130660130013, 0.17253662294664338], "rotation": [[0.9710126665084855, 0.023910192355357317, 0.23782914914200617], [-0.021481228492834115, 0.9996873117926335, -0.012799822782233343], [-0.23806082899653913, 0.007319927755636703, 0.9712226626037578]], "fy": 206.98181933405954, "fx": 206.98181933405954}, {"id": 24, "img_name": "frame_00021.png", "width": 257, "height": 257, "position": [-1.3257911474966984, -0.006068054592257492, 0.08827050882472402], "rotation": [[0.9734730415777414, 0.01998678768604327, 0.22792710597770885], [-0.017511062210483565, 0.999763716574775, -0.01287919721307818], [-0.22813066436067136, 0.008546305551863649, 0.9735930159156715]], "fy": 207.98888356873402, "fx": 207.98888356873402}, {"id": 25, "img_name": "frame_00022.png", "width": 257, "height": 257, "position": [-1.0117683263285728, 0.011044388979712041, 0.06183834161929638], "rotation": [[0.9757131491873678, 0.014829435396693597, 0.21854962445331363], [-0.011975529027812097, 0.9998249243549936, -0.014377320440037561], [-0.2187245692814896, 0.011410893231766873, 0.9757199159124919]], "fy": 207.4807504830899, "fx": 207.4807504830899}, {"id": 26, "img_name": "frame_00023.png", "width": 258, "height": 258, "position": [-0.7468507639844134, -0.02496083622349243, -0.03540020339641362], "rotation": [[0.9771272165565227, 0.012190137095499851, 0.21230591895209935], [-0.009326283128266532, 0.9998515839828531, -0.014485525533823653], [-0.21245098989534944, 0.012174176135269457, 0.9770958838967204]], "fy": 208.2928122908413, "fx": 208.2928122908413}, {"id": 27, "img_name": "frame_00024.png", "width": 256, "height": 256, "position": [-0.34632985747019496, -0.020374749088302523, -0.03623759666384424], "rotation": [[0.978384637520895, 0.007382172027278608, 0.20666157020420323], [-0.0037809481798063878, 0.9998341470232049, -0.01781524283421238], [-0.20675880995490564, 0.016648783214998086, 0.9782502811262009]], "fy": 206.74261639978369, "fx": 206.74261639978369}, {"id": 28, "img_name": "frame_00026.png", "width": 257, "height": 257, "position": [0.131163557024702, -0.02479534286710313, 0.07024200033735076], "rotation": [[0.9796082869731771, 0.003780744277308831, 0.2008813332945274], [0.0004899746049857282, 0.9997750087774778, -0.021205936642388436], [-0.20091631098137316, 0.020871938019841857, 0.9793860312384142]], "fy": 205.75415372525958, "fx": 205.75415372525958}, {"id": 29, "img_name": "frame_00027.png", "width": 257, "height": 257, "position": [0.3406942661588174, 0.0334994599139527, 0.04311209330070631], "rotation": [[0.979712582523576, 0.002921459129042129, 0.20038642848641908], [0.002436859496959976, 0.999646159652089, -0.026488057849192084], [-0.20039290746126093, 0.026438997132784872, 0.9793588014970994]], "fy": 206.60013040085286, "fx": 206.60013040085286}, {"id": 30, "img_name": "frame_00028.png", "width": 259, "height": 259, "position": [0.5446170392487861, 0.03507070248327567, 0.05336192103144127], "rotation": [[0.9797160093951027, 0.0023164076079796856, 0.2003775815572406], [0.003795705974022951, 0.9995392811401383, -0.030113420164674297], [-0.2003550187818955, 0.03026317421634981, 0.9792558433500702]], "fy": 207.8657632523949, "fx": 207.8657632523949}, {"id": 31, "img_name": "frame_00029.png", "width": 258, "height": 258, "position": [0.6500443013628772, 0.021225551246722436, 0.09305712861259992], "rotation": [[0.9795578916110983, 0.0024290715271726407, 0.20114779788487777], [0.004080674704627594, 0.9994813929445154, -0.031942029548011036], [-0.2011210706921947, 0.03210988584854947, 0.9790399737265166]], "fy": 207.89137246807348, "fx": 207.89137246807348}, {"id": 32, "img_name": "frame_00030.png", "width": 256, "height": 256, "position": [0.9470850636773017, 0.007767594883393129, 0.2074562956949674], "rotation": [[0.9805713811581496, 0.0007860313963305791, 0.19616102724099754], [0.006180386404587896, 0.9993717296977276, -0.034899121835117695], [-0.19606521689858547, 0.03543343104493814, 0.9799504593023539]], "fy": 206.7695938133372, "fx": 206.7695938133372}, {"id": 33, "img_name": "frame_00031.png", "width": 257, "height": 257, "position": [1.1439214970409015, 0.031839903909014394, 0.14309953557946653], "rotation": [[0.9817494705866201, 0.0002671414288638958, 0.19017861509209713], [0.006728219619719337, 0.9993242143606283, -0.03613648645429715], [-0.19005974866772785, 0.03675653993468049, 0.981084221006734]], "fy": 207.7094155098818, "fx": 207.7094155098818}, {"id": 34, "img_name": "frame_00032.png", "width": 256, "height": 256, "position": [1.4335931385706637, 0.05835311201599098, 0.11117777837797946], "rotation": [[0.9831648639309516, -0.0020162614655178583, 0.18270956466845453], [0.00862714538852891, 0.9993361670594644, -0.035394880552751896], [-0.18251691070714154, 0.03637526490076819, 0.9825296012891012]], "fy": 207.5248885871974, "fx": 207.5248885871974}, {"id": 35, "img_name": "frame_00034.png", "width": 258, "height": 258, "position": [2.0213534617622084, 0.06741294795109076, -0.03986062564757739], "rotation": [[0.9843932957457366, -0.005169838016131802, 0.17590654355575708], [0.01021233528006637, 0.9995620998595464, -0.027772589589414903], [-0.17568593426616153, 0.029135567598066858, 0.9840150259024323]], "fy": 209.43867873765763, "fx": 209.43867873765763}, {"id": 36, "img_name": "frame_00035.png", "width": 257, "height": 257, "position": [2.3132630792722475, 0.1318389502425468, -0.11173221371367843], "rotation": [[0.9846838192942117, -0.010572844267148022, 0.17402870735676598], [0.015161954416672523, 0.9995709256932834, -0.025061517251338723], [-0.1736890645908112, 0.027316285852491715, 0.9844216217499463]], "fy": 209.45216945711113, "fx": 209.45216945711113}, {"id": 37, "img_name": "frame_00036.png", "width": 258, "height": 258, "position": [2.5949216388575156, 0.11354402298419793, -0.07348211380040681], "rotation": [[0.9852789393494046, -0.012673416880469695, 0.17048400564007773], [0.016087357532059643, 0.9996964838554134, -0.018658432269585256], [-0.1701957949014838, 0.021126397508729272, 0.9851837730729]], "fy": 209.5122482544445, "fx": 209.5122482544445}, {"id": 38, "img_name": "frame_00037.png", "width": 257, "height": 257, "position": [2.7975567240623507, 0.18382139494288655, -0.08791229950323605], "rotation": [[0.9855412123041064, -0.015222605394392484, 0.16875067743614836], [0.01874380456157556, 0.9996381609029111, -0.019292927647280515], [-0.16839592821891464, 0.022177005019892893, 0.9854699345021327]], "fy": 209.75334123136673, "fx": 209.75334123136673}, {"id": 39, "img_name": "frame_00038.png", "width": 257, "height": 257, "position": [3.1524437943492614, 0.19271228997727124, 0.03767114944165384], "rotation": [[0.9864892341208146, -0.014441274456197466, 0.16318835913082066], [0.017829311649828008, 0.9996544449664114, -0.019315959851618627], [-0.1628530214942978, 0.021964522552899116, 0.9864058257832832]], "fy": 209.72832260768837, "fx": 209.72832260768837}, {"id": 40, "img_name": "frame_00039.png", "width": 256, "height": 256, "position": [3.4555402676321547, 0.11803196530804633, 0.2248905377242627], "rotation": [[0.987859994606697, -0.013276724365428837, 0.1547784211244612], [0.016362675664314354, 0.999691595524945, -0.018680917587052984], [-0.15448266537304783, 0.020986720251488532, 0.9877725768983083]], "fy": 207.62919496453895, "fx": 207.62919496453895}, {"id": 41, "img_name": "frame_00040.png", "width": 257, "height": 257, "position": [3.679160435480643, 0.10480448808036648, 0.1649915232431128], "rotation": [[0.989218544309515, -0.0097833445168885, 0.1461196693269875], [0.013083448308661675, 0.9996801943816787, -0.02164098753208051], [-0.14586121819907746, 0.023319415324423425, 0.9890301865435696]], "fy": 209.21320561425523, "fx": 209.21320561425523}, {"id": 42, "img_name": "frame_00042.png", "width": 257, "height": 257, "position": [4.317452056032977, 0.03959457235229545, 0.1376913238000204], "rotation": [[0.9922511433507567, -0.00012279325974476227, 0.12424835387614452], [0.003739556273144244, 0.999575996445043, -0.02887634065769804], [-0.12419212631240462, 0.029117215744552196, 0.9918308845308705]], "fy": 207.93931983726867, "fx": 207.93931983726867}, {"id": 43, "img_name": "frame_00043.png", "width": 257, "height": 257, "position": [4.508449389203197, 0.05886400790148762, 0.09837818157743541], "rotation": [[0.9930632951504785, 0.002484847113564387, 0.117554741970265], [0.0014187416255715569, 0.9994506658593177, -0.03311123201522853], [-0.11757244148640124, 0.033048328977251414, 0.9925142462225607]], "fy": 208.27167002133783, "fx": 208.27167002133783}, {"id": 44, "img_name": "frame_00044.png", "width": 256, "height": 256, "position": [4.765777464734458, 0.01557437319987402, -0.07947231082184597], "rotation": [[0.9944986526314976, 0.006495266792240307, 0.10454779492382346], [-0.002925061303455846, 0.9994084610101331, -0.0342661943864241], [-0.10470851890131602, 0.033771875438814436, 0.9939293669566455]], "fy": 208.83239677432817, "fx": 208.83239677432817}, {"id": 45, "img_name": "frame_00045.png", "width": 257, "height": 257, "position": [4.97972724751408, 0.028082281554124903, 0.015758552620328024], "rotation": [[0.9957210046304756, 0.00929855630912844, 0.09194138234898555], [-0.00615357189450461, 0.9993881355796927, -0.034430916564695276], [-0.09220528450482407, 0.03371781892578185, 0.9951689777099528]], "fy": 208.72667156653296, "fx": 208.72667156653296}, {"id": 46, "img_name": "frame_00046.png", "width": 255, "height": 255, "position": [5.193791826514662, 0.09257546481529132, 0.07223527610182101], "rotation": [[0.9968211191851155, 0.009893226169521752, 0.07905555276191718], [-0.007127958395284315, 0.9993554051608138, -0.0351847464816875], [-0.07935268461525845, 0.03450939367511713, 0.9962490919406285]], "fy": 208.55416544182532, "fx": 208.55416544182532}, {"id": 47, "img_name": "frame_00047.png", "width": 256, "height": 256, "position": [5.416726200668749, 0.06605387437263827, 0.24033859400884072], "rotation": [[0.9978418478051607, 0.010057185374880616, 0.06488836406566051], [-0.008080178487469239, 0.999497252911369, -0.03065863888429508], [-0.06516408124414134, 0.030068163312085734, 0.9974214495741731]], "fy": 208.0037757053299, "fx": 208.0037757053299}, {"id": 48, "img_name": "frame_00048.png", "width": 256, "height": 256, "position": [5.613937597568985, 0.037913924342580244, 0.23177766673363961], "rotation": [[0.9986288596754607, 0.010475404722074479, 0.05129002358352139], [-0.009169741684149732, 0.9996295447474169, -0.025625945943872495], [-0.05153946508002783, 0.025120492908799544, 0.9983549691243508]], "fy": 209.69430372263585, "fx": 209.69430372263585}, {"id": 49, "img_name": "frame_00050.png", "width": 258, "height": 258, "position": [6.19475087917482, 0.04674750185431073, 0.3380222391477565], "rotation": [[0.9998269172318529, 0.009668144459356823, 0.015895362888673794], [-0.009479956536074427, 0.9998845840189994, -0.011872197152466766], [-0.016008310426892644, 0.01171945493040987, 0.9998031748166288]], "fy": 209.4685750514719, "fx": 209.4685750514719}]