[{"id": 0, "img_name": "000000.png", "width": 1920, "height": 1280, "position": [-0.1949718620125467, 0.005735096672014914, -0.25321296435061685], "rotation": [[-0.5092304368896088, -0.03188260258453327, 0.8600394282020608], [0.04224353646897674, 0.9971830686182399, 0.061979119113408226], [-0.8595928117639684, 0.0678927627359244, -0.5064491357252666]], "fy": 394.9828796386718, "fx": 394.9828796386719}, {"id": 1, "img_name": "000080.png", "width": 1920, "height": 1280, "position": [-0.0014426060004893383, 0.0015686527092208461, -0.09165368646585748], "rotation": [[0.9904294039658784, 0.008531468719567604, 0.13775634631336406], [-0.007625946244456586, 0.999945717331066, -0.007099812789766023], [-0.13780944035876896, 0.00598134092491861, 0.9904407013323476]], "fy": 394.9828796386718, "fx": 394.9828796386719}, {"id": 2, "img_name": "000160.png", "width": 1920, "height": 1280, "position": [-0.013471944347876486, -0.006245773504044694, 0.22980137153714864], "rotation": [[0.9976732152893013, 0.02695245619616725, -0.06262363924970038], [-0.028631483173783903, 0.9992500055617962, -0.026070374470204574], [0.06187401117716757, 0.02780272214624048, 0.9976966547903108]], "fy": 394.9828796386718, "fx": 394.9828796386719}, {"id": 3, "img_name": "000010.png", "width": 1920, "height": 1280, "position": [-0.15433636558386676, 0.010325023737525687, -0.27601963566650667], "rotation": [[-0.4747168024902134, -0.007678463598230503, 0.8801055821450483], [0.043590102830858096, 0.9985296926993562, 0.0322235405800477], [-0.8790589840626734, 0.0536609246015144, -0.4736841186023297]], "fy": 394.9828796386718, "fx": 394.9828796386719}, {"id": 4, "img_name": "000020.png", "width": 1920, "height": 1280, "position": [-0.14844395615332232, 0.008397940594249103, -0.2729041748438525], "rotation": [[-0.3520610796822635, -0.025511571421545153, 0.9356294267304318], [0.04576801280361942, 0.9979634286166947, 0.04443292193523474], [-0.9348575043525731, 0.058464991843823394, -0.35017646862375335]], "fy": 394.9828796386718, "fx": 394.9828796386719}, {"id": 5, "img_name": "000030.png", "width": 1920, "height": 1280, "position": [-0.14030664348108393, 0.010838575588727785, -0.2759143798463935], "rotation": [[0.025127979830820477, -0.011288976110132631, 0.9996204542657581], [0.06204475679744543, 0.9980261209990953, 0.009711321901149882], [-0.9977569552361144, 0.061777185412632385, 0.02577880213892755]], "fy": 394.9828796386718, "fx": 394.9828796386719}, {"id": 6, "img_name": "000040.png", "width": 1920, "height": 1280, "position": [-0.07531297271708524, 0.012908302605705097, -0.2558924806918541], "rotation": [[0.41381983211077217, 0.006841110776988844, 0.9103331412811408], [0.029650487984544588, 0.9993399472194154, -0.020988533691360233], [-0.9098758582761337, 0.03567729232399726, 0.4133438468941014]], "fy": 394.9828796386718, "fx": 394.9828796386719}, {"id": 7, "img_name": "000050.png", "width": 1920, "height": 1280, "position": [-0.06460844733661673, 0.010025151692448768, -0.23809099482924903], "rotation": [[0.7297619024331189, 0.023703848337380432, 0.6832903330004205], [-0.0038622502267205367, 0.9995257972797735, -0.03054936285052442], [-0.6836904523401021, 0.01965472262295428, 0.7295073975532383]], "fy": 394.9828796386718, "fx": 394.9828796386719}, {"id": 8, "img_name": "000060.png", "width": 1920, "height": 1280, "position": [-0.017261691438740612, 0.004692796508626439, -0.17228022247906893], "rotation": [[0.8876473995320601, -0.0012977844384639882, 0.4605218459373761], [0.002409288625685613, 0.9999954308829012, -0.0018257984669479137], [-0.46051737226551526, 0.0027301954646230244, 0.8876464705050712]], "fy": 394.9828796386718, "fx": 394.9828796386719}, {"id": 9, "img_name": "000070.png", "width": 1920, "height": 1280, "position": [-0.006363207764494092, 0.0024002932123197893, -0.12824766420256198], "rotation": [[0.960199372788619, 0.013756107537266346, 0.27897661324247175], [-0.012800957826776406, 0.9999043065259475, -0.005245313128489773], [-0.2790220720830765, 0.0014653793099328322, 0.960283579289479]], "fy": 394.9828796386718, "fx": 394.9828796386719}, {"id": 10, "img_name": "000090.png", "width": 1920, "height": 1280, "position": [8.708873342463464e-05, 0.0009175667156368912, -0.06028238837528411], "rotation": [[0.9990361485746923, 0.013121298540791474, 0.041888005565675596], [-0.013087369298295388, 0.9999137689794629, -0.0010841302233322787], [-0.04189861871848142, 0.0005348813836083428, 0.9991217239793969]], "fy": 394.9828796386718, "fx": 394.9828796386719}, {"id": 11, "img_name": "000100.png", "width": 1920, "height": 1280, "position": [0.0006875872554187523, 0.0006593087895175871, -0.03070884357168906], "rotation": [[0.9997756802900892, 0.016807344358691925, 0.01288806711681226], [-0.016831109657897782, 0.9998568367776458, 0.0017377270644099224], [-0.012857015442276288, -0.0019542577299090564, 0.9999154354393448]], "fy": 394.9828796386718, "fx": 394.9828796386719}, {"id": 12, "img_name": "000110.png", "width": 1920, "height": 1280, "position": [0.0, 0.0, 0.0], "rotation": [[0.9997464036329649, 0.02088295555670565, -0.00842797079174435], [-0.020878344690983534, 0.9997818221741747, 0.0006347128271050968], [0.008439386672876106, -0.00045858982224729496, 0.9999642825932614]], "fy": 394.9828796386718, "fx": 394.9828796386719}, {"id": 13, "img_name": "000120.png", "width": 1920, "height": 1280, "position": [-0.0008373821043150843, -0.00045664781335051, 0.03328256908927197], "rotation": [[0.9995970163622736, 0.01771319658280516, -0.02218214568204721], [-0.01775442926761956, 0.9998409942879083, -0.0016632494603701102], [0.02214915713118131, 0.0020564105147628316, 0.9997525624068696]], "fy": 394.9828796386718, "fx": 394.9828796386719}, {"id": 14, "img_name": "000130.png", "width": 1920, "height": 1280, "position": [-0.0025383665620437985, -0.0014879773624276473, 0.07491497945590625], "rotation": [[0.9983451269960013, 0.01778328614919205, -0.054687856759386984], [-0.018038411517625686, 0.9998285777723018, -0.004175012823070385], [0.05460423658581872, 0.005154585908486478, 0.9984947707286513]], "fy": 394.9828796386718, "fx": 394.9828796386719}, {"id": 15, "img_name": "000140.png", "width": 1920, "height": 1280, "position": [-0.005517488717135758, -0.002329671992769677, 0.11997633419051809], "rotation": [[0.9982582471042158, 0.017347935080515405, -0.05638723971119035], [-0.018099558907592177, 0.9997536577812679, -0.012846386996249275], [0.05615049083628405, 0.013844596055827154, 0.9983263239648994]], "fy": 394.9828796386718, "fx": 394.9828796386719}, {"id": 16, "img_name": "000150.png", "width": 1920, "height": 1280, "position": [-0.009213509784069372, -0.004285933360252323, 0.17226570887027973], "rotation": [[0.9980463262122738, 0.023686040027840118, -0.057814373347918925], [-0.02445690446915422, 0.9996206899232046, -0.012662385587041382], [0.0574925219624228, 0.01405160819151333, 0.9982470444725613]], "fy": 394.9828796386718, "fx": 394.9828796386719}, {"id": 17, "img_name": "000170.png", "width": 1920, "height": 1280, "position": [-0.0177902522284956, -0.009091510116157905, 0.28876052723018086], "rotation": [[0.9973452080702367, 0.025761529097811917, -0.06810932155330497], [-0.027775141567132892, 0.9991996767620794, -0.02878450116010262], [0.06731327933502147, 0.030599830304313982, 0.9972625396248292]], "fy": 394.9828796386718, "fx": 394.9828796386719}, {"id": 18, "img_name": "000180.png", "width": 1920, "height": 1280, "position": [-0.02323825511262414, -0.012176706406036903, 0.35169901128004866], "rotation": [[0.9966254082634857, 0.02336055756226126, -0.07868976760054944], [-0.026317939746732782, 0.9989775966399984, -0.0367576839434653], [0.07775063486644686, 0.038704594453121736, 0.996221256883085]], "fy": 394.9828796386718, "fx": 394.9828796386719}, {"id": 19, "img_name": "000190.png", "width": 1920, "height": 1280, "position": [-0.02873107972305303, -0.016185116346896945, 0.41329793263701387], "rotation": [[0.9944253116485029, 0.01913719525929189, -0.10369217301334697], [-0.023472996150191563, 0.9988933530077231, -0.040756443126605355], [0.10279745832633819, 0.04296320474786373, 0.9937740412020934]], "fy": 394.9828796386718, "fx": 394.9828796386719}]