[{"id": 0, "img_name": "00000.png", "width": 256, "height": 256, "position": [0.0, 0.0, 0.0], "rotation": [[0.9999607074224272, -0.0018125256559868971, -0.0086774627909364], [0.001851041191283691, 0.9999884627890303, 0.004432599113469667], [0.008669328477446654, -0.004448487286589711, 0.9999525257244978]], "fy": 459.02996826171864, "fx": 459.02996826171864}, {"id": 1, "img_name": "00240.png", "width": 256, "height": 256, "position": [0.02540894180906214, -0.008758686726905643, 0.2737125471428235], "rotation": [[0.9565628381094684, -0.01692793015704436, 0.29103433484564817], [0.01787590174178618, 0.9998400341417338, -0.0005985584520849118], [-0.290977646934208, 0.005775059817939963, 0.9567124227226727]], "fy": 459.02996826171864, "fx": 459.02996826171864}, {"id": 2, "img_name": "00030.png", "width": 256, "height": 256, "position": [0.003441157691605858, -0.005854900101546437, 0.06097745839762999], "rotation": [[0.9998408522390858, -0.0031912000653347063, 0.017552390502149778], [0.002854494238009825, 0.99981207527133, 0.019174618024584224], [-0.017610282020516274, -0.019121463225562768, 0.9996620666810926]], "fy": 459.02996826171864, "fx": 459.02996826171864}, {"id": 3, "img_name": "00060.png", "width": 256, "height": 256, "position": [0.0022390292818588622, -0.0030244962744344368, 0.10042774450448702], "rotation": [[0.9984975527111049, -0.005832536482703449, 0.054485030832586746], [0.0052862131837249585, 0.9999343543110973, 0.010165776482432843], [-0.0545407463904392, -0.009862483434333642, 0.9984628376843199]], "fy": 459.02996826171864, "fx": 459.02996826171864}, {"id": 4, "img_name": "00090.png", "width": 256, "height": 256, "position": [0.005631353913448479, -0.002881756140194972, 0.14113942838053192], "rotation": [[0.9973242382573986, -0.007048759948627421, 0.07276453974269655], [0.0066789404107642, 0.9999635201443681, 0.005324483856313342], [-0.07279941631475696, -0.004824246732217001, 0.9973349342654504]], "fy": 459.02996826171864, "fx": 459.02996826171864}, {"id": 5, "img_name": "00120.png", "width": 256, "height": 256, "position": [0.0033251979351644335, 0.00039646002560985214, 0.14356523351758335], "rotation": [[0.9953234826252646, -0.005200879962918105, 0.09645784892308251], [0.006609389017293869, 0.9998760686913543, -0.014288570863082883], [-0.0963715816414516, 0.014859277509441129, 0.9952345055193179]], "fy": 459.02996826171864, "fx": 459.02996826171864}, {"id": 6, "img_name": "00150.png", "width": 256, "height": 256, "position": [0.011038727328429216, -0.0035445461532909246, 0.20316945500794956], "rotation": [[0.995602020649799, -0.006508250354668579, 0.09345725922457924], [0.007330463864818521, 0.9999373685093601, -0.008457148466690843], [-0.09339636461862867, 0.009105039153239139, 0.995587373104411]], "fy": 459.02996826171864, "fx": 459.02996826171864}, {"id": 7, "img_name": "00180.png", "width": 256, "height": 256, "position": [0.015779551826896433, -0.006981750168314008, 0.24638698797796516], "rotation": [[0.99500160338545, -0.007153930921998072, 0.09960236060831225], [0.006980656622782937, 0.9999734548498774, 0.0020880678039096774], [-0.09961465454188849, -0.0013823409138874817, 0.995025130055258]], "fy": 459.02996826171864, "fx": 459.02996826171864}, {"id": 8, "img_name": "00210.png", "width": 256, "height": 256, "position": [0.01963952974163691, -0.008903974732982725, 0.27541314341561846], "rotation": [[0.9861369225493808, -0.0110861075864586, 0.1655628870797943], [0.010485406134896966, 0.9999348926750156, 0.004501852468467378], [-0.16560201574196343, -0.0027034489163004064, 0.986188960146976]], "fy": 459.02996826171864, "fx": 459.02996826171864}, {"id": 9, "img_name": "00270.png", "width": 256, "height": 256, "position": [0.04933385975986537, -0.010037038564407668, 0.33163104074934124], "rotation": [[0.8795406129739142, -0.02097586791748557, 0.4753612767338035], [0.01462982196210023, 0.9997476676805533, 0.017046093957951217], [-0.47559888431559716, -0.008038281842175638, 0.8796255496356772]], "fy": 459.02996826171864, "fx": 459.02996826171864}]